	date	ws	wd
1	01.01.2014	3.241052632	154.8861565
2	02.01.2014	3.546666667	173.7971955
3	03.01.2014	3.543678161	198.3773322
4	04.01.2014	1.413333333	134.5112997
5	05.01.2014	2.95	142.9182613
6	06.01.2014	2.681034483	111.4382215
7	07.01.2014	1.693975904	125.3033106
8	08.01.2014	1.434177215	182.3320846
9	09.01.2014	1.49375	124.5457209
10	10.01.2014	2.577894737	135.2750933
11	11.01.2014	3.7375	190.2889813
12	12.01.2014	-999	-999
13	13.01.2014	-999	-999
14	14.01.2014	-999	-999
15	15.01.2014	-999	-999
16	16.01.2014	-999	-999
17	17.01.2014	-999	-999
18	18.01.2014	-999	-999
19	19.01.2014	-999	-999
20	20.01.2014	-999	-999
21	21.01.2014	-999	-999
22	22.01.2014	-999	-999
23	23.01.2014	-999	-999
24	24.01.2014	-999	-999
25	25.01.2014	-999	-999
26	26.01.2014	-999	-999
27	27.01.2014	-999	-999
28	28.01.2014	-999	-999
29	29.01.2014	-999	-999
30	30.01.2014	-999	-999
31	31.01.2014	-999	-999
32	01.02.2014	-999	-999
33	02.02.2014	-999	-999
34	03.02.2014	-999	-999
35	04.02.2014	-999	-999
36	05.02.2014	-999	-999
37	06.02.2014	-999	-999
38	07.02.2014	-999	-999
39	08.02.2014	-999	-999
40	09.02.2014	-999	-999
41	10.02.2014	-999	-999
42	11.02.2014	-999	-999
43	12.02.2014	-999	-999
44	13.02.2014	-999	-999
45	14.02.2014	-999	-999
46	15.02.2014	-999	-999
47	16.02.2014	-999	-999
48	17.02.2014	-999	-999
49	18.02.2014	3.35	144.03977
50	19.02.2014	-999	-999
51	20.02.2014	-999	-999
52	21.02.2014	-999	-999
53	22.02.2014	-999	-999
54	23.02.2014	-999	-999
55	24.02.2014	-999	-999
56	25.02.2014	-999	-999
57	26.02.2014	-999	-999
58	27.02.2014	-999	-999
59	28.02.2014	-999	-999
60	01.03.2014	-999	-999
61	02.03.2014	-999	-999
62	03.03.2014	-999	-999
63	04.03.2014	-999	-999
64	05.03.2014	-999	-999
65	06.03.2014	-999	-999
66	07.03.2014	-999	-999
67	08.03.2014	-999	-999
68	09.03.2014	-999	-999
69	10.03.2014	5.125	184.4134566
70	11.03.2014	5.801041667	210.2068
71	12.03.2014	4.815625	190.1932091
72	13.03.2014	4.611458333	144.1576458
73	14.03.2014	8.484375	217.8205503
74	15.03.2014	7.769791667	214.749678
75	16.03.2014	5.485416667	214.7877921
76	17.03.2014	2.844791667	162.4228427
77	18.03.2014	4.103125	160.5263204
78	19.03.2014	7.914583333	185.6078678
79	20.03.2014	10.10625	223.6466824
80	21.03.2014	5.785416667	198.3587562
81	22.03.2014	2.214583333	154.665348
82	23.03.2014	5.642708333	228.9424149
83	24.03.2014	1.184375	354.9286542
84	25.03.2014	4.272916667	203.1721967
85	26.03.2014	4.752083333	216.1309386
86	27.03.2014	6.784375	258.8746942
87	28.03.2014	2.90625	196.9153345
88	29.03.2014	1.710416667	140.8455414
89	30.03.2014	6.865217391	210.2255408
90	31.03.2014	3.491666667	155.4981203
91	01.04.2014	6.440625	232.3891178
92	02.04.2014	3.151041667	125.7236479
93	03.04.2014	5.359375	207.962537
94	04.04.2014	2.077083333	278.2471832
95	05.04.2014	3.378125	229.0933155
96	06.04.2014	2.161666667	127.7395889
97	07.04.2014	-999	-999
98	08.04.2014	6.636363636	218.8391763
99	09.04.2014	5.333333333	187.3524504
100	10.04.2014	1.173958333	346.5666363
101	11.04.2014	3.242708333	295.6739768
102	12.04.2014	1.419791667	278.1406025
103	13.04.2014	2.252083333	254.0708195
104	14.04.2014	2.948958333	271.2764136
105	15.04.2014	1.001041667	284.6921486
106	16.04.2014	0.642708333	269.8851795
107	17.04.2014	0.923958333	255.5765635
108	18.04.2014	2.595833333	231.3937661
109	19.04.2014	1.675	287.3934147
110	20.04.2014	2.336458333	271.806219
111	21.04.2014	5.176041667	262.9994649
112	22.04.2014	3.965625	307.4945181
113	23.04.2014	5.269791667	223.2423141
114	24.04.2014	5.280208333	201.671226
115	25.04.2014	4.74375	188.5040878
116	26.04.2014	11.14375	234.0872506
117	27.04.2014	6.034375	262.7480136
118	28.04.2014	5.457291667	258.3733894
119	29.04.2014	3.497916667	250.9204717
120	30.04.2014	4.983333333	242.8962839
121	01.05.2014	1.639583333	137.9794129
122	02.05.2014	2.94375	252.3301559
123	03.05.2014	1.260416667	268.8703407
124	04.05.2014	4.45	245.9460778
125	05.05.2014	1.4375	16.18297519
126	06.05.2014	3.230208333	90.15379081
127	07.05.2014	2.838541667	122.2973622
128	08.05.2014	3.192708333	292.8885369
129	09.05.2014	3.259375	288.2262121
130	10.05.2014	1.711458333	349.5085716
131	11.05.2014	0.913541667	149.6714222
132	12.05.2014	1.673958333	259.4367438
133	13.05.2014	4.142708333	281.9177053
134	14.05.2014	0.663541667	12.95248505
135	15.05.2014	0.705208333	168.6545966
136	16.05.2014	1.767708333	296.5425749
137	17.05.2014	2.710416667	333.2072367
138	18.05.2014	2.321875	81.31768767
139	19.05.2014	2.592708333	56.12853595
140	20.05.2014	2.334375	269.4724422
141	21.05.2014	2.755208333	312.4078047
142	22.05.2014	1.420833333	238.8125703
143	23.05.2014	1.895833333	205.2925449
144	24.05.2014	5.704166667	269.6249659
145	25.05.2014	3.754166667	260.8790214
146	26.05.2014	3.761458333	265.3858955
147	27.05.2014	1.63125	261.7726201
148	28.05.2014	1.266666667	296.543838
149	29.05.2014	2.30625	338.3951441
150	30.05.2014	3.114583333	301.8632882
151	31.05.2014	0.936458333	296.1598554
152	01.06.2014	2.039583333	296.5419725
153	02.06.2014	1.148958333	248.8507368
154	03.06.2014	2.215625	283.2066024
155	04.06.2014	1.588541667	303.3167016
156	05.06.2014	1.34375	271.5625436
157	06.06.2014	2.015625	274.6974796
158	07.06.2014	2.501041667	290.7539579
159	08.06.2014	2.388541667	281.6770355
160	09.06.2014	2.504166667	236.1802218
161	10.06.2014	3.16875	224.0850141
162	11.06.2014	1.073958333	81.85708339
163	12.06.2014	1.355208333	119.6764214
164	13.06.2014	0.65	323.0493647
165	14.06.2014	1.154166667	159.1490158
166	15.06.2014	4.742708333	219.3869893
167	16.06.2014	4.873958333	226.4138867
168	17.06.2014	3.727083333	252.4941371
169	18.06.2014	1.935416667	272.6046561
170	19.06.2014	0.722916667	238.1018809
171	20.06.2014	1.583333333	160.5558075
172	21.06.2014	2.117708333	315.2626485
173	22.06.2014	1.722916667	332.0898713
174	23.06.2014	1.451041667	6.287253028
175	24.06.2014	0.8875	239.3244634
176	25.06.2014	1.051041667	194.2625327
177	26.06.2014	1.772916667	274.44682
178	27.06.2014	1.689583333	235.7804252
179	28.06.2014	1.34375	357.0243101
180	29.06.2014	0.753125	310.9419509
181	30.06.2014	2.330208333	186.4862154
182	01.07.2014	1.680208333	285.0593272
183	02.07.2014	4.195833333	261.4082674
184	03.07.2014	2.005208333	311.4147244
185	04.07.2014	1.147916667	334.5452143
186	05.07.2014	0.653125	352.3258992
187	06.07.2014	0.6375	329.4927754
188	07.07.2014	0.501041667	154.7844971
189	08.07.2014	2.1125	281.199592
190	09.07.2014	1.597916667	249.528094
191	10.07.2014	1.525	195.4919759
192	11.07.2014	1.804166667	291.4570621
193	12.07.2014	3.94375	257.954045
194	13.07.2014	4.786458333	219.0556551
195	14.07.2014	5.188541667	228.167788
196	15.07.2014	1.241666667	315.7973104
197	16.07.2014	2.608333333	293.2714331
198	17.07.2014	2.708333333	246.3077491
199	18.07.2014	1.260416667	342.7108839
200	19.07.2014	0.965625	29.51326182
201	20.07.2014	2.679166667	80.19104605
202	21.07.2014	4.571875	172.3182768
203	22.07.2014	4.815625	193.9529886
204	23.07.2014	4.461458333	208.6960935
205	24.07.2014	4.307291667	276.8705611
206	25.07.2014	2.575	256.1487417
207	26.07.2014	1.071875	255.2894667
208	27.07.2014	0.363541667	210.513524
209	28.07.2014	1.548958333	331.360231
210	29.07.2014	2.494791667	290.3732331
211	30.07.2014	2.609375	291.8908651
212	31.07.2014	1.610416667	231.5496412
213	01.08.2014	1.745833333	129.1855892
214	02.08.2014	1.309375	127.003139
215	03.08.2014	0.588541667	324.7396123
216	04.08.2014	0.627083333	11.68557081
217	05.08.2014	0.711458333	318.9541188
218	06.08.2014	0.741666667	287.8050278
219	07.08.2014	1.35625	293.9715389
220	08.08.2014	0.891666667	8.706943546
221	09.08.2014	0.542708333	216.3253389
222	10.08.2014	0.542708333	174.2164427
223	11.08.2014	1.496875	153.8413661
224	12.08.2014	3.236458333	237.4338075
225	13.08.2014	2.7875	269.7263179
226	14.08.2014	1.294791667	292.1533577
227	15.08.2014	2.783333333	302.9176764
228	16.08.2014	2.630208333	297.7422279
229	17.08.2014	1.419791667	228.2557632
230	18.08.2014	2.369791667	206.5445256
231	19.08.2014	2.479166667	261.0685848
232	20.08.2014	0.522916667	249.3772118
233	21.08.2014	1.88125	183.8413031
234	22.08.2014	1.251041667	286.7725782
235	23.08.2014	0.767708333	263.271169
236	24.08.2014	2.342708333	249.4696795
237	25.08.2014	1.884375	305.3037665
238	26.08.2014	2.0375	309.5437608
239	27.08.2014	0.667708333	120.5521387
240	28.08.2014	3.021875	151.9851336
241	29.08.2014	1.533333333	136.6389418
242	30.08.2014	2.838541667	161.2967748
243	31.08.2014	2.541666667	278.2083078
244	01.09.2014	1.365625	297.832248
245	02.09.2014	1.072916667	351.4952618
246	03.09.2014	1.655208333	275.3955553
247	04.09.2014	1.251041667	290.8534252
248	05.09.2014	1.2375	154.5235708
249	06.09.2014	3.672916667	239.5705929
250	07.09.2014	5.142708333	259.1059643
251	08.09.2014	5.046875	267.4108087
252	09.09.2014	4.270833333	276.7966508
253	10.09.2014	2.0125	273.3879453
254	11.09.2014	2.4125	280.7263943
255	12.09.2014	4.979166667	261.5925716
256	13.09.2014	1.396875	277.5097167
257	14.09.2014	2.423958333	260.2962294
258	15.09.2014	0.978125	3.451403491
259	16.09.2014	2.879166667	213.1724405
260	17.09.2014	4.357291667	210.6448879
261	18.09.2014	5.079166667	271.1967888
262	19.09.2014	7.453125	262.9491813
263	20.09.2014	4.966666667	245.3193382
264	21.09.2014	2.465625	266.9644161
265	22.09.2014	0.258333333	231.3030101
266	23.09.2014	0.305208333	249.8779136
267	24.09.2014	0.909375	98.86818647
268	25.09.2014	0.705208333	96.24829277
269	26.09.2014	1.810416667	71.70227491
270	27.09.2014	3.436458333	72.39482149
271	28.09.2014	1.126041667	32.94981587
272	29.09.2014	1.415625	284.3363564
273	30.09.2014	1.777083333	209.8608177
274	01.10.2014	3.639583333	229.2450009
275	02.10.2014	5.163541667	156.8468973
276	03.10.2014	4.425	199.1533895
277	04.10.2014	5.910416667	227.9071616
278	05.10.2014	6.104166667	236.778985
279	06.10.2014	5.167708333	258.7498731
280	07.10.2014	2.045833333	286.9662118
281	08.10.2014	2.810416667	282.8615498
282	09.10.2014	2.915625	250.8481489
283	10.10.2014	6.039583333	229.2235925
284	11.10.2014	6.059375	229.3765625
285	12.10.2014	2.125	284.5697581
286	13.10.2014	2.988541667	216.5165671
287	14.10.2014	5.857291667	234.3500754
288	15.10.2014	4.001041667	255.7849462
289	16.10.2014	2.989583333	246.2962461
290	17.10.2014	1.259375	55.10155855
291	18.10.2014	1.802083333	76.99681682
292	19.10.2014	0.733333333	113.902189
293	20.10.2014	-999	-999
294	21.10.2014	7.083333333	234.9216947
295	22.10.2014	4.338297872	181.0804829
296	23.10.2014	4.558064516	208.4841537
297	24.10.2014	5.04137931	246.980354
298	25.10.2014	4.829411765	269.1573145
299	26.10.2014	4.765957447	260.3458617
300	27.10.2014	8.233333333	223.6037357
301	28.10.2014	8.755555556	243.7684947
302	29.10.2014	2.86875	182.8458192
303	30.10.2014	1.873958333	212.2347505
304	31.10.2014	0.117708333	110.1865124
305	01.11.2014	1.180208333	53.13987727
306	02.11.2014	0.947916667	111.0007998
307	03.11.2014	0.742	292.5290373
308	04.11.2014	1.086458333	320.3581599
309	05.11.2014	1.515625	129.9973017
310	06.11.2014	4.684375	152.8543212
311	07.11.2014	3.233695652	241.2082176
312	08.11.2014	2.482105263	220.2139414
313	09.11.2014	4.515789474	268.7143303
314	10.11.2014	-999	-999
315	11.11.2014	-999	-999
316	12.11.2014	-999	-999
317	13.11.2014	-999	-999
318	14.11.2014	-999	-999
319	15.11.2014	-999	-999
320	16.11.2014	-999	-999
321	17.11.2014	-999	-999
322	18.11.2014	5.33	260.9246534
323	19.11.2014	4.672222222	252.9386391
324	20.11.2014	4.129166667	229.70245
325	21.11.2014	5.30625	259.6113776
326	22.11.2014	4.684375	233.0227038
327	23.11.2014	5.572916667	243.3864503
328	24.11.2014	3.002666667	250.0711678
329	25.11.2014	5.398958333	245.8012058
330	26.11.2014	7.358064516	248.8613196
331	27.11.2014	3.386458333	294.3202846
332	28.11.2014	2.577083333	115.4825352
333	29.11.2014	2.745833333	126.3682469
334	30.11.2014	2.902083333	180.7361012
335	01.12.2014	3.325	149.0134568
336	02.12.2014	1.532291667	129.3218992
337	03.12.2014	5.35	216.0316766
338	04.12.2014	4.2	162.2067358
339	05.12.2014	5.259375	200.2403837
340	06.12.2014	2.546315789	229.329258
341	07.12.2014	2.854166667	209.5335883
342	08.12.2014	3.246875	191.0123486
343	09.12.2014	2.384375	295.1852275
344	10.12.2014	2.325	141.2327468
345	11.12.2014	2.657291667	148.3430727
346	12.12.2014	3.4875	173.267101
347	13.12.2014	1.377083333	173.670584
348	14.12.2014	0.01827957	247.5
349	15.12.2014	1.047916667	104.6933797
350	16.12.2014	2.813541667	119.6993611
351	17.12.2014	2.610416667	127.5707413
352	18.12.2014	2.368085106	117.3351467
353	19.12.2014	1.005714286	141.8196926
354	20.12.2014	-999	-999
355	21.12.2014	-999	-999
356	22.12.2014	-999	-999
357	23.12.2014	1.516666667	150.4432625
358	24.12.2014	3.45	169.3247964
359	25.12.2014	5.613541667	191.7472969
360	26.12.2014	7.375	214.6404275
361	27.12.2014	8.85625	247.8787169
362	28.12.2014	4.867708333	238.803507
363	29.12.2014	0.974074074	93.66191808
