	date	ws	wd
1	02.01.2013	3.4	175
2	03.01.2013	5	171
3	04.01.2013	3.4	116
4	05.01.2013	4	332
5	06.01.2013	5.1	195
6	07.01.2013	5.5	160
7	08.01.2013	3.6	144
8	09.01.2013	4.4	100
9	10.01.2013	5.1	141
10	11.01.2013	2.7	336
11	12.01.2013	5.2	131
12	13.01.2013	4.1	263
13	14.01.2013	9.2	231
14	15.01.2013	12.5	218
15	16.01.2013	4.2	276
16	17.01.2013	10.1	245
17	18.01.2013	8.1	252
18	19.01.2013	7.7	262
19	20.01.2013	5.7	239
20	21.01.2013	1.6	191
21	22.01.2013	3.1	201
22	23.01.2013	9.4	172
23	24.01.2013	13	233
24	25.01.2013	4.2	219
25	26.01.2013	3	162
26	27.01.2013	11.6	245
27	28.01.2013	6.9	259
28	29.01.2013	5.1	254
29	30.01.2013	5.7	253
30	31.01.2013	5.7	257
31	01.02.2013	2.5	275
32	02.02.2013	3.4	124
33	03.02.2013	4.2	126
34	04.02.2013	3.6	153
35	05.02.2013	3.1	298
36	06.02.2013	4.6	273
37	07.02.2013	3.7	152
38	08.02.2013	6.5	223
39	09.02.2013	3.7	311
40	10.02.2013	5	268
41	11.02.2013	10.6	256
42	12.02.2013	8.9	262
43	13.02.2013	2.4	268
44	14.02.2013	6.9	233
45	15.02.2013	8	288
46	16.02.2013	6.1	283
47	17.02.2013	4.6	218
48	18.02.2013	4.1	242
49	19.02.2013	2.1	279
50	20.02.2013	0.6	286
51	21.02.2013	2	133
52	22.02.2013	3.4	267
53	23.02.2013	5.1	252
54	24.02.2013	8	224
55	25.02.2013	8.7	257
56	26.02.2013	7.6	243
57	27.02.2013	9.7	263
58	28.02.2013	11.1	213
59	01.03.2013	14.5	219
60	02.03.2013	9.1	210
61	03.03.2013	7.2	185
62	04.03.2013	9.1	247
63	05.03.2013	11	243
64	06.03.2013	4.1	107
65	07.03.2013	5.4	89
66	08.03.2013	6.6	247
67	09.03.2013	18	218
68	10.03.2013	15	246
69	11.03.2013	8.6	243
70	12.03.2013	4.7	141
71	13.03.2013	4	252
72	14.03.2013	2.9	164
73	15.03.2013	6.2	197
74	16.03.2013	4.9	23
75	17.03.2013	2.4	129
76	18.03.2013	2.6	269
77	19.03.2013	2.5	265
78	20.03.2013	3.5	38
79	21.03.2013	6.7	129
80	22.03.2013	7.6	281
81	23.03.2013	2.7	158
82	24.03.2013	3.7	213
83	25.03.2013	3.7	272
84	26.03.2013	5.9	129
85	27.03.2013	6.4	159
86	28.03.2013	8	220
87	29.03.2013	5.5	240
88	30.03.2013	3.4	146
89	31.03.2013	6.6	288
90	01.04.2013	5.7	323
91	02.04.2013	5.6	248
92	03.04.2013	6.1	279
93	04.04.2013	4.9	174
94	05.04.2013	9.4	253
95	06.04.2013	4.1	24
96	07.04.2013	3.7	184
97	08.04.2013	4.5	178
98	09.04.2013	5	180
99	10.04.2013	5.7	225
100	11.04.2013	4	182
101	12.04.2013	5	93
102	13.04.2013	4	177
103	14.04.2013	4.6	15
104	15.04.2013	3	49
105	16.04.2013	11	81
106	17.04.2013	7.9	88
107	18.04.2013	1.9	321
108	19.04.2013	5.2	304
109	20.04.2013	3.1	226
110	21.04.2013	3	292
111	22.04.2013	6.6	262
112	23.04.2013	1.6	238
113	24.04.2013	4	123
114	25.04.2013	4.9	232
115	26.04.2013	3	319
116	27.04.2013	4.1	140
117	28.04.2013	8.6	191
118	29.04.2013	11	212
119	30.04.2013	6.6	242
120	01.05.2013	11	270
121	02.05.2013	5.5	254
122	03.05.2013	7.7	249
123	04.05.2013	6	286
124	05.05.2013	9.4	252
125	06.05.2013	9	285
126	07.05.2013	3.4	209
127	08.05.2013	11	232
128	09.05.2013	3.9	196
129	10.05.2013	4.9	247
130	11.05.2013	7.7	278
131	12.05.2013	4.9	236
132	13.05.2013	5.4	352
133	14.05.2013	4.6	249
134	15.05.2013	6.2	241
135	16.05.2013	5.5	302
136	17.05.2013	1.6	60
137	18.05.2013	5	185
138	19.05.2013	9	276
139	20.05.2013	6.6	305
140	21.05.2013	3.4	293
141	22.05.2013	6.9	242
142	23.05.2013	8.7	248
143	24.05.2013	7.6	295
144	25.05.2013	5	301
145	26.05.2013	3.1	291
146	27.05.2013	2.6	227
147	28.05.2013	6	262
148	29.05.2013	4.4	307
149	30.05.2013	3	321
150	31.05.2013	2.4	244
151	01.06.2013	2.9	36
152	02.06.2013	3.5	44
153	03.06.2013	3.6	19
154	04.06.2013	2.5	48
155	05.06.2013	2	66
156	06.06.2013	1.6	146
157	07.06.2013	5	160
158	08.06.2013	4.5	181
159	09.06.2013	5	213
160	10.06.2013	2.9	294
161	11.06.2013	5.5	283
162	12.06.2013	6.2	293
163	13.06.2013	2.6	319
164	14.06.2013	2	319
165	15.06.2013	3.5	293
166	16.06.2013	5.7	356
167	17.06.2013	2	346
168	18.06.2013	4.1	286
169	19.06.2013	2.9	7
170	20.06.2013	1.7	133
171	21.06.2013	2.1	92
172	22.06.2013	2.6	133
173	23.06.2013	2.4	89
174	24.06.2013	4.2	68
175	25.06.2013	4.7	87
176	26.06.2013	5.9	90
177	27.06.2013	7.4	70
178	28.06.2013	5.6	62
179	29.06.2013	3.2	340
180	30.06.2013	3.4	344
181	01.07.2013	2.7	351
182	02.07.2013	2.1	350
183	03.07.2013	3.1	64
184	04.07.2013	9.7	46
185	05.07.2013	6.7	11
186	06.07.2013	5.2	339
187	07.07.2013	3.6	309
188	08.07.2013	3.2	266
189	09.07.2013	3.2	331
190	10.07.2013	2	194
191	11.07.2013	3.3	29
192	12.07.2013	3	123
193	13.07.2013	2.7	153
194	14.07.2013	4	135
195	15.07.2013	4.9	180
196	16.07.2013	5.1	292
197	17.07.2013	4.5	231
198	18.07.2013	2.2	109
199	19.07.2013	1.6	290
200	20.07.2013	2.1	284
201	21.07.2013	2.6	298
202	22.07.2013	2.6	15
203	23.07.2013	2.1	312
204	24.07.2013	3.5	311
205	25.07.2013	3	308
206	26.07.2013	2.1	244
207	27.07.2013	3.1	102
208	28.07.2013	4.2	113
209	29.07.2013	5.2	40
210	30.07.2013	1.6	27
211	31.07.2013	2	73
212	01.08.2013	2.9	100
213	02.08.2013	4.2	110
214	03.08.2013	2.6	244
215	04.08.2013	1.9	311
216	05.08.2013	1.5	315
217	06.08.2013	2.2	360
218	07.08.2013	2.5	72
219	08.08.2013	4	110
220	09.08.2013	2.2	144
221	10.08.2013	3.2	250
222	11.08.2013	2.6	84
223	12.08.2013	2.6	348
224	13.08.2013	4.9	289
225	14.08.2013	5.7	319
226	15.08.2013	4	299
227	16.08.2013	3	310
228	17.08.2013	2.1	82
229	18.08.2013	2.1	145
230	19.08.2013	1.9	171
231	20.08.2013	1.5	212
232	21.08.2013	2.4	37
233	22.08.2013	4.5	74
234	23.08.2013	4.2	99
235	24.08.2013	5.9	85
236	25.08.2013	3.7	47
237	26.08.2013	3.4	270
238	27.08.2013	4.2	256
239	28.08.2013	2.9	189
240	29.08.2013	5.7	354
241	30.08.2013	6.2	1
242	31.08.2013	7	315
243	01.09.2013	6.1	255
244	02.09.2013	4.6	266
245	03.09.2013	3	175
246	04.09.2013	4.2	192
247	05.09.2013	1.5	330
248	06.09.2013	2.5	21
249	07.09.2013	3.2	71
250	08.09.2013	4.6	113
251	09.09.2013	5.5	132
252	10.09.2013	4.4	59
253	11.09.2013	2.9	323
254	12.09.2013	2.2	57
255	13.09.2013	1.9	12
256	14.09.2013	1.9	124
257	15.09.2013	3.9	295
258	16.09.2013	4.5	308
259	17.09.2013	2.9	341
260	18.09.2013	3.1	331
261	19.09.2013	2.6	191
262	20.09.2013	2.7	19
263	21.09.2013	2.5	338
264	22.09.2013	2.6	153
265	23.09.2013	3.1	156
266	24.09.2013	3.5	158
267	25.09.2013	4.6	157
268	26.09.2013	3.2	104
269	27.09.2013	4.4	260
270	28.09.2013	6.7	197
271	29.09.2013	7.6	258
272	30.09.2013	3.4	169
273	01.10.2013	3.4	150
274	02.10.2013	5.5	267
275	03.10.2013	7.7	242
276	04.10.2013	6	257
277	05.10.2013	3.2	360
278	06.10.2013	4.1	88
279	07.10.2013	3.5	118
280	08.10.2013	6.6	262
281	09.10.2013	8.7	234
282	10.10.2013	7.5	258
283	11.10.2013	4	284
284	12.10.2013	3.4	81
285	13.10.2013	7.2	174
286	14.10.2013	8.2	221
287	15.10.2013	8.2	197
288	16.10.2013	7	264
289	17.10.2013	8.1	241
290	18.10.2013	11.1	235
291	19.10.2013	7.5	238
292	20.10.2013	3.1	57
293	21.10.2013	6	148
294	22.10.2013	6.1	194
295	23.10.2013	6.9	263
296	24.10.2013	4.9	1
297	25.10.2013	2.4	44
298	26.10.2013	6.2	201
299	27.10.2013	6	221
300	28.10.2013	8.4	233
301	29.10.2013	7.7	223
302	30.10.2013	7.6	233
303	31.10.2013	7	234
304	01.11.2013	9.4	239
305	02.11.2013	13	213
306	03.11.2013	8.9	275
307	04.11.2013	6.7	233
308	05.11.2013	7.9	239
309	06.11.2013	9.9	243
310	07.11.2013	6	283
311	08.11.2013	1.7	89
312	09.11.2013	3.4	150
313	10.11.2013	5.6	188
314	11.11.2013	6.2	215
315	12.11.2013	4.1	259
316	13.11.2013	11	237
317	14.11.2013	8.1	264
318	15.11.2013	5	255
319	16.11.2013	4.4	202
320	17.11.2013	6.4	178
321	18.11.2013	8.9	238
322	19.11.2013	14	222
323	20.11.2013	9.4	247
324	21.11.2013	7.1	278
325	22.11.2013	8.1	259
326	23.11.2013	7.2	262
327	24.11.2013	3	267
328	25.11.2013	4.5	265
329	26.11.2013	1.9	233
330	27.11.2013	3.5	146
331	28.11.2013	4	214
332	29.11.2013	5.6	194
333	30.11.2013	8	213
334	01.12.2013	9	233
335	02.12.2013	3.9	240
336	03.12.2013	7.1	232
337	04.12.2013	12	210
338	05.12.2013	4.4	152
339	06.12.2013	12	219
340	07.12.2013	10	221
341	08.12.2013	5.4	199
342	09.12.2013	2.6	243
343	10.12.2013	4.4	146
344	11.12.2013	4.9	215
345	12.12.2013	3.2	44
346	13.12.2013	7.7	281
347	14.12.2013	18	240
348	15.12.2013	12	202
349	16.12.2013	6.9	200
350	17.12.2013	9.2	202
351	18.12.2013	8.4	213
352	19.12.2013	6	210
353	20.12.2013	11	220
354	21.12.2013	6.2	257
355	22.12.2013	5.6	288
356	23.12.2013	2.9	226
357	24.12.2013	5.9	173
358	25.12.2013	2.9	165
359	26.12.2013	7.6	185
360	27.12.2013	3.1	163
361	28.12.2013	4.1	221
362	29.12.2013	8.9	228
363	30.12.2013	10	254
364	31.12.2013	7.1	259
			
			
