Group.1	year	month	Almaty	Andizhan	Ashbagat	Bairam.ali	Baityk	Chardzhou	Charvak	Dzhizak	Fergana	Kattakurgan	Leninabad	Namangan	Naryn	Osh	Panfilov	Przhevalsk	Rybache	Samarkand	Serahs	Tashkent	Termez
1901	1901	6.5	7.20833333333333	12.7083333333333	16.125	16.425	6.49166666666667	16.1666666666667	12.45	14.3916666666667	13.1666666666667	13.55	14.275	13.7583333333333	2.79166666666667	10.9333333333333	9.95833333333333	5.10833333333333	6.88333333333333	13.9916666666667	17.3666666666667	13.1916666666667	17.6666666666667
1902	1902	6.5	8.35	13.125	16.5	17.0083333333333	6.78333333333333	16.5	13.05	15.3166666666667	13.6666666666667	14.1916666666667	14.85	14.2333333333333	2.06666666666667	11.1583333333333	10.7833333333333	5.89166666666667	7.2	14.575	17.875	13.9916666666667	17.9416666666667
1903	1903	6.5	6.3	12.0583333333333	15.5	15.0166666666667	5.51666666666667	15.2833333333333	11.675	13.6	12.0083333333333	12.5333333333333	13.475	12.875	0.0916666666666667	10.3166666666667	9	4.775	5.91666666666667	12.9333333333333	15.8666666666667	12.55	16.2333333333333
1904	1904	6.5	7.70833333333333	13.0166666666667	15.7083333333333	15.425	6.46666666666667	15.575	12.375	14.0833333333333	12.8833333333333	13.15	14.3833333333333	13.6916666666667	2.375	10.6916666666667	10.1333333333333	5.35	6.93333333333333	13.5916666666667	16.2666666666667	13.175	16.775
1905	1905	6.5	6.44166666666667	11.9916666666667	15.6833333333333	15.6083333333333	5.80833333333333	15.6583333333333	11.9416666666667	14.3	12.2083333333333	13.0833333333333	14	12.975	1.14166666666667	9.975	9.50833333333333	5.31666666666667	6.25833333333333	13.4333333333333	16.7	12.6833333333333	17.15
1906	1906	6.5	7.10833333333333	13.2083333333333	16.0083333333333	15.9416666666667	6.55	15.85	12.625	14.4416666666667	13.225	13.3416666666667	14.85	13.9833333333333	2.88333333333333	10.9416666666667	10.0916666666667	5.4	6.88333333333333	13.55	16.9333333333333	13.325	17.4
1907	1907	6.5	6.76666666666667	12.6416666666667	14.8916666666667	14.9666666666667	6.06666666666667	14.9833333333333	11.7666666666667	13.45	12.5	12.35	13.9333333333333	13.2416666666667	2.275	10.3083333333333	9.425	4.83333333333333	6.49166666666667	12.5916666666667	15.9666666666667	12.35	16.3666666666667
1908	1908	6.5	7.08333333333333	12.8333333333333	16.1583333333333	15.725	6.33333333333333	15.825	12.2833333333333	13.6833333333333	13.1166666666667	13.0416666666667	14.3333333333333	13.6583333333333	2.25833333333333	10.6416666666667	9.99166666666667	5.45	6.74166666666667	13.4083333333333	16.9083333333333	13.0583333333333	17.175
1909	1909	6.5	8.29166666666667	13.3833333333333	17.4416666666667	16.6166666666667	7.04166666666667	16.825	13.0416666666667	14.9333333333333	13.5416666666667	13.8833333333333	15.0916666666667	14.3083333333333	3.575	11.2083333333333	10.875	5.81666666666667	7.475	14.075	17.8166666666667	13.85	17.675
1910	1910	6.5	7.53333333333333	13.0416666666667	16.6583333333333	15.6333333333333	6.49166666666667	15.725	12.5333333333333	14.475	13.3166666666667	13.3583333333333	14.3833333333333	13.875	2.49166666666667	10.8333333333333	10.075	5.18333333333333	6.88333333333333	13.7416666666667	16.9583333333333	13.3166666666667	16.625
1911	1911	6.5	8	12.5916666666667	15.0916666666667	14.9	6.66666666666667	15.075	11.875	13.3916666666667	12.5333333333333	12.65	14.0833333333333	13.3083333333333	4.425	10.425	9.96666666666667	4.65	7.25833333333333	13.1666666666667	16.15	12.3333333333333	16.5833333333333
1912	1912	6.5	8.26666666666667	13.3166666666667	16.1833333333333	15.625	7.28333333333333	15.8583333333333	12.8583333333333	14.65	14.3166666666667	13.3916666666667	14.8083333333333	14.4583333333333	5.00833333333333	11.3666666666667	10.8666666666667	5.56666666666667	7.725	13.5	16.9583333333333	13.4416666666667	17.2666666666667
1913	1913	6.5	8.33333333333333	13.3416666666667	16.15	15.4166666666667	6.55	15.8083333333333	12.7666666666667	14.7916666666667	13.6583333333333	13.3666666666667	15.05	14.1833333333333	1.45833333333333	11.0666666666667	10.2083333333333	5.1	6.91666666666667	13.7416666666667	16.8333333333333	13.4416666666667	17.4083333333333
1914	1914	6.5	8.96666666666667	14.0166666666667	16.9166666666667	16.8833333333333	7.51666666666667	16.775	13.425	15.3666666666667	14.6916666666667	14.1	15.15	14.9916666666667	4.15	11.8916666666667	11.7333333333333	6.64166666666667	7.975	14.5333333333333	17.6666666666667	14.075	18.125
1915	1915	6.5	8.875	14.3916666666667	17.3166666666667	17.1583333333333	7.81666666666667	17.55	13.7083333333333	16.1666666666667	14.4583333333333	14.3583333333333	15.3583333333333	15.1	3.475	11.675	11.7666666666667	6.71666666666667	7.89166666666667	15.1583333333333	18.2666666666667	14.55	18.725
1916	1916	6.5	6.96666666666667	12.8833333333333	15.8166666666667	14.8916666666667	6.15833333333333	15.5333333333333	11.4916666666667	14.075	12.2416666666667	12.7583333333333	13.875	13.2166666666667	3.375	10.175	9.85833333333333	5.25833333333333	6.81666666666667	13.25	16.3416666666667	12.5416666666667	16.7416666666667
1917	1917	6.5	7.875	13.7083333333333	17.1416666666667	16.575	6.975	16.65	13.1	15.2083333333333	13.8166666666667	14.0833333333333	15.1666666666667	14.475	3.03333333333333	11.375	9.90833333333333	6.14166666666667	7.34166666666667	14.6833333333333	17.8083333333333	13.7833333333333	18.2083333333333
1918	1918	6.5	6.68333333333333	12.325	15.675	15.1	5.80833333333333	15.35	11.8583333333333	13.6666666666667	12.6916666666667	12.7916666666667	13.7583333333333	13.1583333333333	2.30833333333333	10.225	9.26666666666667	5.05	6.48333333333333	13.275	16.3666666666667	12.4333333333333	16.7
1919	1919	6.5	7.00833333333333	12.0916666666667	15.6333333333333	15.0833333333333	6.18333333333333	15.3083333333333	11.9	14.0666666666667	11.9083333333333	12.6	13.7333333333333	12.9166666666667	2.13333333333333	9.975	9.30833333333333	4.54166666666667	6.5	13.125	16.35	12.7083333333333	16.4916666666667
1920	1920	6.5	5.34166666666667	11.0833333333333	14.1333333333333	13.6083333333333	4.01666666666667	13.8916666666667	10.225	12.4416666666667	11.175	11.2583333333333	12.3166666666667	11.6916666666667	0.7	8.93333333333333	8.21666666666667	4.05833333333333	5.35	11.9583333333333	14.9333333333333	11.2583333333333	15.15
1921	1921	6.5	6.60833333333333	11.6583333333333	15.75	15.3583333333333	5.21666666666667	15.3166666666667	11.125	13.7166666666667	11.6916666666667	12.8583333333333	13.3416666666667	12.4833333333333	1.95833333333333	9.61666666666667	8.74166666666667	4.375	6.15	12.9916666666667	16.5083333333333	12.2	16.3416666666667
1922	1922	6.5	7.89166666666667	13.3	17.1583333333333	15.8666666666667	6.1	16.3833333333333	13.0666666666667	15.2583333333333	13.45	13.9416666666667	15	14.2166666666667	3.45	11.0666666666667	10.3666666666667	5.30833333333333	7.125	13.9583333333333	17.325	13.9916666666667	17.6333333333333
1923	1923	6.5	7	12.1166666666667	15.75	14.8416666666667	5.56666666666667	15.25	11.7333333333333	14.075	12.125	12.825	13.7416666666667	12.975	2.35	10	9.81666666666667	5.15	6.525	12.675	16.225	12.7916666666667	16.425
1924	1924	6.5	7.36666666666667	12.5833333333333	15.925	15.1083333333333	5.99166666666667	15.55	12.1333333333333	13.9416666666667	12.775	12.5833333333333	13.9916666666667	13.55	2.4	10.45	10.0916666666667	5.525	6.76666666666667	12.8916666666667	16.45	12.9083333333333	16.575
1925	1925	6.5	8.21666666666667	12.7666666666667	16.8583333333333	16.1833333333333	7.18333333333333	16.4666666666667	12.9833333333333	14.85	12.875	13.5	14.6166666666667	13.9916666666667	2.95	10.7666666666667	10.25	5.15	7.23333333333333	13.775	17.4	13.5083333333333	17.375
1926	1926	6.5	7.53333333333333	12.8666666666667	16.1083333333333	15.2833333333333	6.775	15.8833333333333	12.3166666666667	14.3916666666667	13.075	13.2916666666667	14.2916666666667	13.75	3.26666666666667	10.7416666666667	10.075	5.45833333333333	7.1	13.25	16.675	13.0583333333333	16.575
1927	1927	6.5	7.75	12.8416666666667	15.9916666666667	15.5333333333333	6.725	15.775	12.525	14.2833333333333	12.9	13.025	14.2083333333333	13.55	3.525	10.7	9.74166666666667	5.125	7.11666666666667	13.5333333333333	16.7666666666667	13.0416666666667	16.6416666666667
1928	1928	6.5	6.675	11.825	14.8833333333333	14.9	6.00833333333333	15.0666666666667	11.5166666666667	13.1416666666667	11.8833333333333	12.6333333333333	13.4333333333333	12.6083333333333	1.825	10.125	8.83333333333333	4.49166666666667	6.325	12.8083333333333	16.0333333333333	12.3583333333333	16.225
1929	1929	6.5	6.10833333333333	11.425	14.4833333333333	14.3	5.8	14.0416666666667	11.3083333333333	12.4083333333333	11.8083333333333	11.675	12.6333333333333	12.175	1.43333333333333	9.55	8.7	4.26666666666667	6.04166666666667	12.5083333333333	15.4583333333333	11.7083333333333	15.8333333333333
1930	1930	6.5	6.7	11.3	15.0916666666667	14.525	6.025	14.875	11.4583333333333	13.125	11.625	11.4583333333333	13.2333333333333	11.9416666666667	2.1	9.31666666666667	9.275	4.54166666666667	6.30833333333333	12.75	15.8	11.85	16.175
1931	1931	6.5	6.61666666666667	11.9416666666667	14.4916666666667	14.3	5.93333333333333	14.7	11.2166666666667	13.575	12.1666666666667	12.6166666666667	13.1666666666667	12.6166666666667	1.90833333333333	9.96666666666667	8.59166666666667	5.04166666666667	6.75833333333333	12.675	15.6166666666667	11.875	15.9166666666667
1932	1932	6.5	7.50833333333333	12.0333333333333	15.2833333333333	14.7583333333333	6.55	15.25	11.625	13.7333333333333	12.2583333333333	12.325	13.6333333333333	12.625	2.36666666666667	9.84166666666667	9.58333333333333	5.01666666666667	6.75833333333333	12.7916666666667	16.0583333333333	12.3	15.9083333333333
1933	1933	6.5	7.33333333333333	12.3416666666667	15.875	15.125	6.93333333333333	15.6916666666667	12.1083333333333	13.9166666666667	12.8666666666667	12.3083333333333	13.7333333333333	12.9166666666667	2.54166666666667	10.2666666666667	9.875	5.10833333333333	6.9	13.1666666666667	16.4333333333333	12.4916666666667	16.4666666666667
1934	1934	6.5	6.01666666666667	11.3416666666667	14.5416666666667	14	4.98333333333333	14.6166666666667	10.5333333333333	12.7333333333333	11.6666666666667	11.55	12.7416666666667	11.9666666666667	0.325	8.9	8.95	3.71666666666667	5.7	11.8666666666667	15.35	11.4333333333333	15.7083333333333
1935	1935	6.5	6.35	11.5416666666667	16.025	14.6666666666667	5.59166666666667	15.4666666666667	11.1083333333333	13.475	11.9583333333333	12.75	12.9916666666667	12.2	1.29166666666667	9.54166666666667	9.20833333333333	4.01666666666667	6.18333333333333	12.7333333333333	16.6333333333333	12.0083333333333	16.3583333333333
1936	1936	6.5	6.64166666666667	12.1	16.4166666666667	15.325	5.85833333333333	15.9083333333333	11.6916666666667	14.5416666666667	12.3916666666667	12.9416666666667	13.6	12.6	1.15833333333333	9.91666666666667	9.16666666666667	4.16666666666667	5.98333333333333	13.9416666666667	17.1083333333333	12.7333333333333	16.8083333333333
1937	1937	6.5	5.825	11.4166666666667	15.9	14.7083333333333	5.46666666666667	15.0666666666667	11.2166666666667	13.5333333333333	11.8083333333333	12.1833333333333	12.775	12.6166666666667	1.79166666666667	9.75	7.85833333333333	3.975	5.91666666666667	13.275	15.775	12.05	15.8333333333333
1938	1938	6.5	7.64166666666667	13.1666666666667	16.9	15.9	6.95	16.125	12.7583333333333	14.925	13.3333333333333	13.2916666666667	14.025	14.4083333333333	3.025	10.8833333333333	9.74166666666667	4.74166666666667	6.79166666666667	13.5416666666667	17.0833333333333	13.4083333333333	16.775
1939	1939	6.5	8.04166666666667	12.9583333333333	17.075	15.9416666666667	7.21666666666667	16.4166666666667	12.9166666666667	15.375	13.3416666666667	13.9333333333333	15.1083333333333	14.125	3.63333333333333	10.8833333333333	10.1666666666667	5.00833333333333	7.21666666666667	13.9333333333333	17.4	13.7	17.0333333333333
1940	1940	6.5	8.5	13.6666666666667	17.4583333333333	16.85	7.65833333333333	16.975	13.5083333333333	16	13.8666666666667	14.45	15.5083333333333	14.8083333333333	3.99166666666667	11.5833333333333	11.05	5.11666666666667	7.08333333333333	14.4833333333333	18.1416666666667	14.1916666666667	17.7
1941	1941	6.5	9.23333333333333	13.925	17.7833333333333	17.0333333333333	8.05833333333333	17.3916666666667	13.65	16.2416666666667	14.2916666666667	14.8	15.8166666666667	14.8833333333333	4.2	12.05	12.0916666666667	6.05833333333333	8.10833333333333	14.9166666666667	18.375	14.525	18.025
1942	1942	6.5	7.15833333333333	13.175	16.975	16.2	6.64166666666667	16.275	12.45	14.55	13.1083333333333	13.975	14.3666666666667	14.1666666666667	3.30833333333333	10.8333333333333	9.55833333333333	5.25	7.33333333333333	13.7916666666667	17.5083333333333	13.225	17.2
1943	1943	6.5	7.20833333333333	12.25	15.625	14.625	6.38333333333333	15.1	11.775	13.3833333333333	12.5583333333333	12.9166666666667	13.9083333333333	13.4	3.61666666666667	9.9	9.71666666666667	5.05833333333333	6.85	12.775	16.075	12.275	16.4166666666667
1944	1944	6.5	7.525	13.3083333333333	17.1583333333333	16.375	7.10833333333333	16.5083333333333	13.1	15.0416666666667	13.5916666666667	14.0583333333333	15.225	14.4166666666667	1.54166666666667	11.2333333333333	9.5	5.05	7.1	14.025	17.85	13.7916666666667	17.9583333333333
1945	1945	6.5	7.16666666666667	12.0416666666667	16.05	15.2166666666667	6.10833333333333	15.6083333333333	11.5416666666667	13.625	12.1	13.0166666666667	13.725	13.2416666666667	1.91666666666667	9.75833333333333	9.475	4.75	6.50833333333333	12.9833333333333	16.9083333333333	12.5166666666667	16.5583333333333
1946	1946	6.5	7.275	13.2833333333333	16.3333333333333	15.6	6.875	15.8083333333333	12.7666666666667	14.5583333333333	13.0083333333333	13.775	14.325	14.1916666666667	2.65833333333333	11.1416666666667	9.66666666666667	4.99166666666667	6.925	13.8333333333333	17.2416666666667	13.1666666666667	17.2916666666667
1947	1947	6.5	7.56666666666667	13.4083333333333	17.2666666666667	16.475	7.05833333333333	16.625	12.9083333333333	14.9583333333333	13.5333333333333	13.975	15.0333333333333	14.4833333333333	3.825	11.2916666666667	9.85833333333333	5.475	7.25833333333333	14.2833333333333	18.275	13.625	18.0583333333333
1948	1948	6.5	7.44166666666667	12.7583333333333	16.3333333333333	15.7583333333333	6.48333333333333	15.9	12.15	14.4083333333333	12.5916666666667	13.275	14.1833333333333	13.5916666666667	2.7	10.5083333333333	9.66666666666667	5.15833333333333	6.86666666666667	13.6166666666667	17.4416666666667	12.675	17.3666666666667
1949	1949	6.5	6.50833333333333	11.8916666666667	14.9	14.15	5.15833333333333	14.3416666666667	10.9833333333333	12.7833333333333	11.7666666666667	12.0416666666667	12.8166666666667	12.4583333333333	2.225	9.74166666666667	9.125	4.39166666666667	6.20833333333333	12.2083333333333	15.6666666666667	11.325	15.6583333333333
1950	1950	6.5	7.025	12.1333333333333	15.2416666666667	14.3	5.83333333333333	14.5916666666667	11.5916666666667	13.125	11.9333333333333	12.075	13.2916666666667	12.7666666666667	1.56666666666667	9.84166666666667	9.28333333333333	4.74166666666667	6.4	12.5166666666667	15.7416666666667	11.7583333333333	15.5333333333333
1951	1951	6.5	6.73333333333333	12.2083333333333	16.2583333333333	15.025	6.16666666666667	14.9833333333333	11.875	13.6916666666667	12.2	12.7916666666667	13.8	13.2583333333333	2.23333333333333	9.88333333333333	9.13333333333333	4.65833333333333	6.425	13.2	16.525	12.3	16.5833333333333
1952	1952	6.5	6.44166666666667	12.9333333333333	15.9583333333333	15.1916666666667	6.15	15.4666666666667	12.2666666666667	14.0083333333333	13.0916666666667	13.2	14.2916666666667	13.9416666666667	2.09166666666667	10.8416666666667	9.125	5.14166666666667	6.8	13.575	16.575	12.7083333333333	16.8833333333333
1953	1953	6.5	7.58333333333333	12.8166666666667	16.5666666666667	15.55	6.78333333333333	15.725	12.1	14.2083333333333	12.725	12.975	14.2	13.4	1.55833333333333	10.3333333333333	10.2166666666667	4.68333333333333	6.64166666666667	13.2916666666667	17.025	12.8916666666667	16.875
1954	1954	6.5	5.75833333333333	11.825	15.75	14.7416666666667	5.50833333333333	14.7666666666667	11.4833333333333	13.25	11.825	12.425	13.2	12.3083333333333	0.916666666666667	9.49166666666667	8.075	4.43333333333333	6.28333333333333	12.8333333333333	16.1	11.9916666666667	16.2666666666667
1955	1955	6.5	7.91666666666667	13.8416666666667	17.6916666666667	16.6583333333333	7.19166666666667	16.5583333333333	13.4	15.525	13.4916666666667	14.1833333333333	15.0416666666667	14.2083333333333	3.24166666666667	11.4083333333333	9.825	4.975	7.01666666666667	14.7166666666667	18.1083333333333	14.1583333333333	17.8083333333333
1956	1956	6.5	7.85	13.2666666666667	16.2333333333333	15.4083333333333	6.98333333333333	15.475	13.025	14.6666666666667	13.0916666666667	13.4833333333333	14.4666666666667	13.8583333333333	2.03333333333333	10.8833333333333	9.79166666666667	5.00833333333333	7.11666666666667	14.025	16.6	13.3083333333333	16.625
1957	1957	6.5	6.81666666666667	11.8	15.825	14.7	5.58333333333333	14.775	11.525	13.5083333333333	11.7083333333333	12.0333333333333	13.1916666666667	12.3333333333333	2.23333333333333	9.48333333333333	9.375	4.15	6.41666666666667	12.55	15.9083333333333	11.8916666666667	15.8583333333333
1958	1958	6.5	7.25	12.7916666666667	16.9333333333333	16.1083333333333	6.1	16.0166666666667	12.25	14.7916666666667	13.1083333333333	13.5666666666667	14.6	14	3.04166666666667	11.0166666666667	10.2916666666667	5.34166666666667	7.075	14.175	17.6166666666667	13.375	17.6416666666667
1959	1959	6.5	6.93333333333333	12.65	15.2916666666667	15.1416666666667	6.09166666666667	15.1916666666667	12.1	14.0916666666667	12.8666666666667	13.1	14.2333333333333	13.65	2.9	10.6666666666667	9.53333333333333	5.1	7.04166666666667	13.3416666666667	16.2333333333333	12.8	17.0333333333333
1960	1960	6.5	6.6	12.3166666666667	16.5	15.5916666666667	5.925	15.4083333333333	11.6666666666667	13.85	12.7166666666667	12.7583333333333	13.7666666666667	13.3416666666667	2.44166666666667	10.5083333333333	9.16666666666667	4.85	6.775	13.2583333333333	17.0916666666667	12.5416666666667	16.5916666666667
1961	1961	6.5	7.925	13.1416666666667	17.2	16.3333333333333	6.44166666666667	16.2416666666667	13.0083333333333	15.175	13.3916666666667	14.025	14.9	14.1416666666667	2.80833333333333	11.1	10.65	5.25833333333333	7.14166666666667	14.375	17.3666666666667	13.775	17.4083333333333
1962	1962	6.5	8.03333333333333	12.85	16.0083333333333	15.4666666666667	6.68333333333333	15.5833333333333	12.4166666666667	14.6416666666667	13.3	13.425	14.575	14.0166666666667	2.975	10.9	10.8916666666667	5.53333333333333	7.23333333333333	13.8333333333333	16.5083333333333	13.1333333333333	16.9083333333333
1963	1963	6.5	8.475	13.45	16.8166666666667	16.575	7.65833333333333	16.675	13.1833333333333	15.4666666666667	13.8583333333333	14.2833333333333	15.2666666666667	14.5333333333333	3.1	11.525	11.4	5.91666666666667	7.83333333333333	14.7416666666667	17.75	13.9666666666667	17.7916666666667
1964	1964	6.5	6.89166666666667	11.725	15.3166666666667	14.7916666666667	5.60833333333333	14.875	11.3166666666667	13.4083333333333	12.1333333333333	12.2083333333333	13.5833333333333	12.7583333333333	2.44166666666667	9.8	9.43333333333333	4.78333333333333	6.44166666666667	12.7666666666667	15.8666666666667	12.1583333333333	15.95
1965	1965	6.5	8.51666666666667	13.0416666666667	16.6166666666667	16.325	7.15833333333333	16.2166666666667	12.8916666666667	14.8166666666667	13.4166666666667	13.65	14.9416666666667	14.4333333333333	3.35	11.0833333333333	11.0583333333333	5.76666666666667	7.25833333333333	13.9583333333333	17.5833333333333	13.5583333333333	17.2666666666667
1966	1966	6.5	7.85833333333333	13.3916666666667	17.275	16.75	7.06666666666667	16.9333333333333	13.075	15.1833333333333	13.6333333333333	14.4916666666667	15.3416666666667	14.6166666666667	3.28333333333333	11.5083333333333	10.725	5.43333333333333	7.16666666666667	14.5916666666667	18.0083333333333	13.8833333333333	17.925
1967	1967	6.5	7.325	12.875	16.4333333333333	15.75	6.45	16.1666666666667	12.2583333333333	14.725	12.975	13.4583333333333	14.5083333333333	13.825	2.78333333333333	10.6166666666667	10.1083333333333	5.06666666666667	7.125	13.7416666666667	16.9083333333333	13.3083333333333	16.8833333333333
1968	1968	6.5	7.65	13.0416666666667	16.4333333333333	15.9333333333333	6.375	16.2666666666667	12	14.9416666666667	13.2666666666667	13.6833333333333	14.5833333333333	14.0416666666667	3.30833333333333	11.0166666666667	10.5	5.61666666666667	7.01666666666667	13.775	17.1833333333333	13.1333333333333	17.525
1969	1969	6.5	6.05833333333333	11.5083333333333	13.85	13.8	5.65	14.475	11.1416666666667	12.9166666666667	11.5	11.6083333333333	12.725	11.8833333333333	2.76666666666667	9.525	8.53333333333333	5.00833333333333	6.64166666666667	12.225	15.0083333333333	11.525	16.2
1970	1970	6.5	7.65833333333333	13.775	16.775	16.25	6.45833333333333	16.5166666666667	12.8833333333333	15.125	13.775	14	15.1666666666667	14.4833333333333	3.71666666666667	11.3583333333333	10.525	5.35	7.51666666666667	14.375	17.55	13.5583333333333	17.8666666666667
1971	1971	6.5	8.46666666666667	14.1916666666667	17.0916666666667	16.5333333333333	7.31666666666667	17.1083333333333	13.4583333333333	15.6666666666667	13.575	14.2916666666667	15.3	14.175	3.9	11.275	10.775	5.75	7.51666666666667	14.55	17.8333333333333	14.0416666666667	17.8333333333333
1972	1972	6.5	6.48333333333333	11.375	14.5083333333333	13.6083333333333	4.9	14.6083333333333	10.6416666666667	12.8333333333333	11.55	11.3083333333333	12.6666666666667	12.1666666666667	3.08333333333333	9.31666666666667	9.10833333333333	4.95833333333333	6.25	11.8833333333333	14.725	11.3583333333333	15.05
1973	1973	6.5	8.175	13.4666666666667	16.5333333333333	16.1	7.00833333333333	16.4416666666667	12.85	15.0416666666667	13.3916666666667	13.5916666666667	14.6	13.85	3.725	10.9416666666667	10.525	5.66666666666667	6.975	13.975	17.4833333333333	13.3833333333333	17.175
1974	1974	6.5	6.90833333333333	12.6166666666667	15.25	14.6833333333333	5.70833333333333	15.3416666666667	11.925	13.5833333333333	12.55	12.7916666666667	13.8416666666667	13.225	3.41666666666667	10.05	9.35	4.71666666666667	6.325	12.925	15.475	12.8	16.6
1975	1975	6.5	8.275	13.525	16.8333333333333	16	6.61666666666667	16.0916666666667	12.4166666666667	14.8083333333333	13.2666666666667	13.7916666666667	14.4916666666667	13.9333333333333	3.45833333333333	10.7416666666667	10.5083333333333	4.7	6.65833333333333	13.775	17.275	13.5	16.8916666666667
1976	1976	6.5	7.5	13.075	15.3916666666667	15.2333333333333	6.175	15.55	12.2416666666667	14.2	13.05	13.15	14.175	13.8833333333333	3.65	10.75	9.89166666666667	5.35	6.95	13.3916666666667	16.3333333333333	12.9833333333333	16.9916666666667
1977	1977	6.5	8.35	13.825	16.3333333333333	16.2416666666667	7.23333333333333	16.5833333333333	13.2083333333333	14.975	13.9083333333333	14.1666666666667	15.0916666666667	14.4083333333333	4.30833333333333	11.4333333333333	10.7583333333333	5.76666666666667	7.76666666666667	14.3833333333333	17.2166666666667	13.8416666666667	18.075
1978	1978	6.5	8.30833333333333	13.4333333333333	15.875	15.7666666666667	6.95	15.9416666666667	12.3916666666667	14.7833333333333	13.3666666666667	13.575	14.6333333333333	14.0083333333333	3.84166666666667	10.9666666666667	11.175	5.94166666666667	7.73333333333333	13.8083333333333	16.9166666666667	13.3916666666667	17.7
1979	1979	6.5	7.86666666666667	13.625	16.75	16.4166666666667	6.9	16.45	12.9333333333333	14.7333333333333	13.8416666666667	13.8916666666667	14.7833333333333	14.3083333333333	4.075	11.4083333333333	11.0166666666667	5.63333333333333	7.35833333333333	14.1333333333333	17.3916666666667	13.5333333333333	17.9333333333333
1980	1980	6.5	8.55833333333333	14.075	16.3083333333333	16.05	7.40833333333333	16.3416666666667	13.2416666666667	15.075	13.8166666666667	14.0166666666667	15.2083333333333	14.6583333333333	5.09166666666667	11.675	11.6666666666667	6.4	8	14.325	17.2333333333333	13.9	18.0083333333333
1981	1981	6.5	7.91666666666667	14.0166666666667	16.7416666666667	16.7166666666667	6.65	16.6333333333333	12.725	15.2333333333333	13.9583333333333	14.175	15.1916666666667	14.7666666666667	4.38333333333333	11.7	11.0583333333333	5.65833333333333	7.25	14.3333333333333	17.975	14	17.8416666666667
1982	1982	6.5	7.96666666666667	13.2166666666667	15.7666666666667	15.0916666666667	6.525	15.2083333333333	12.4416666666667	14.4	13.3	13.0333333333333	14.2916666666667	13.8916666666667	3.16666666666667	10.725	11.2833333333333	5.875	7.14166666666667	13.2666666666667	16.0083333333333	12.9416666666667	16.9
1983	1983	6.5	9.33333333333333	13.3833333333333	17.6916666666667	17	7.49166666666667	17.275	13.3416666666667	15.9083333333333	13.8	14.6333333333333	15.275	14.3666666666667	3.86666666666667	11.25	11.9083333333333	6.23333333333333	7.61666666666667	14.6833333333333	18.2333333333333	14.4083333333333	17.9666666666667
1984	1984	6.5	6.68333333333333	11.9333333333333	15.3333333333333	15.1416666666667	5.86666666666667	15.3416666666667	11.65	13.425	12.3416666666667	12.7583333333333	13.675	12.7916666666667	2.88333333333333	9.83333333333333	9.2	5.29166666666667	6.66666666666667	12.9583333333333	16.475	12.1583333333333	16.975
1985	1985	6.5	7.59166666666667	13.1666666666667	16.6833333333333	16.05	7.34166666666667	16.4833333333333	12.8333333333333	14.9666666666667	13.55	13.975	14.7083333333333	13.9916666666667	2.80833333333333	10.9416666666667	10.475	5.725	7.5	14.3416666666667	17.35	13.65	17.7583333333333
1986	1986	6.5	8.03333333333333	13.3833333333333	16.65	16.3083333333333	7.125	16.6916666666667	12.9416666666667	15.3583333333333	13.7083333333333	14.2583333333333	15.0583333333333	13.9916666666667	3.8	11.125	10.7833333333333	5.73333333333333	7.04166666666667	14.2666666666667	17.3166666666667	13.8583333333333	17.6916666666667
1987	1987	6.5	8.43333333333333	13.25	17.2583333333333	16.7583333333333	7.14166666666667	16.7333333333333	12.9416666666667	15.1916666666667	13.6166666666667	14.0666666666667	14.9083333333333	14.3166666666667	3.13333333333333	11.225	11.45	5.625	7.35	14.2666666666667	17.8583333333333	13.7416666666667	17.7916666666667
1988	1988	6.5	8.15	14.1333333333333	17.1	17.0833333333333	7.63333333333333	17.2166666666667	14.175	16.025	14.4166666666667	14.7333333333333	15.7583333333333	15.1	3.49166666666667	11.9333333333333	10.725	6.2	7.83333333333333	14.9166666666667	18.2916666666667	14.4	18.6666666666667
1989	1989	6.5	7.66666666666667	12.8583333333333	17.3416666666667	16.2166666666667	6.41666666666667	16.275	12.7166666666667	14.8583333333333	13.0416666666667	13.4416666666667	14.6	13.675	3.50833333333333	10.4666666666667	10.7833333333333	5.29166666666667	6.575	13.5416666666667	17.6083333333333	13.1583333333333	17.2833333333333
1990	1990	6.5	9.05833333333333	13.85	17.4166666666667	16.5833333333333	7.56666666666667	16.875	13.775	15.3916666666667	14.1833333333333	14.2833333333333	15.3916666666667	14.7916666666667	4.48333333333333	11.825	11.85	6.6	8.2	14.4916666666667	17.8083333333333	13.925	17.7916666666667
1991	1991	6.5	8.725	13.1583333333333	16.9083333333333	16.175	7.26666666666667	16.4083333333333	13.3916666666667	14.975	13.525	13.7916666666667	14.9666666666667	14.1416666666667	3.74166666666667	10.9416666666667	11.3583333333333	6.025	7.63333333333333	14.025	17.3083333333333	13.6416666666667	17.5833333333333
1992	1992	6.5	8.35	13.4	16.1666666666667	15.8833333333333	7.06666666666667	16.3333333333333	12.9	15.2083333333333	13.6583333333333	13.6083333333333	14.875	14.325	3.575	11.2083333333333	11.5583333333333	5.88333333333333	7.28333333333333	14.0083333333333	16.9833333333333	13.55	17.4666666666667
1993	1993	6.5	7.53333333333333	12.8916666666667	16.05	15.7	6.28333333333333	15.7833333333333	11.5833333333333	14.0916666666667	13.0666666666667	13.1666666666667	13.9666666666667	13.625	2.49166666666667	10.6	10.2333333333333	5.33333333333333	7.10833333333333	13.35	16.8	12.5666666666667	17.3916666666667
1994	1994	6.5	8.025	13.6083333333333	16.75	16.4583333333333	7.20833333333333	16.65	13.325	14.9666666666667	13.7833333333333	13.875	15.025	14.475	3.36666666666667	11.2916666666667	10.8583333333333	5.74166666666667	7.64166666666667	14.4	17.5333333333333	13.325	17.975
1995	1995	6.5	8.41666666666667	13.9	17.9166666666667	17.225	7.34166666666667	17.3	14.4333333333333	15.65	14.125	14.5083333333333	15.45	14.8083333333333	3.5	11.8	11.4083333333333	5.84166666666667	7.85	14.775	18.4916666666667	14.1583333333333	18.0166666666667
1996	1996	6.5	7.675	12.825	16.575	16.3833333333333	6.15833333333333	16.1166666666667	11.1583333333333	14.3916666666667	13.1	13.8083333333333	14.3166666666667	13.6916666666667	3.54166666666667	10.9083333333333	10.3083333333333	5.45	7.175	14.0166666666667	17.7833333333333	13.1666666666667	17.2333333333333
1997	1997	6.5	9.53333333333333	13.9333333333333	17.5666666666667	17.0416666666667	7.8	17.3916666666667	13.1666666666667	15.6666666666667	14.3166666666667	14.6083333333333	15.5583333333333	14.95	6.00833333333333	11.85	11.7333333333333	6.725	8.51666666666667	14.9583333333333	18.3583333333333	14.2833333333333	18.35
1998	1998	6.5	8.85	13.6916666666667	17.3833333333333	16.9583333333333	7.54166666666667	16.9833333333333	14.4166666666667	15.3833333333333	14.025	14.0583333333333	15.4166666666667	14.6833333333333	4.525	11.625	11.0083333333333	6.2	7.95833333333333	14.5416666666667	17.95	13.7833333333333	18.1
1999	1999	6.5	9.10833333333333	13.9666666666667	17.925	17.0916666666667	7.475	17.1666666666667	13.5583333333333	15.7416666666667	14.225	14.5416666666667	15.55	14.8833333333333	3.825	11.7333333333333	11.9583333333333	6.25	7.7	14.925	18.2916666666667	14.2416666666667	18.2416666666667
2000	2000	6.5	9.30833333333333	14.275	17.8833333333333	17.225	7.56666666666667	16.875	13.4833333333333	15.825	14.525	14.7166666666667	15.7916666666667	15.2583333333333	4.18333333333333	11.9666666666667	11.8416666666667	6.25	7.29166666666667	14.9833333333333	18.4916666666667	14.7833333333333	18.675
