year	month	Almaty	Andizhan	Ashbagat	Bairam.ali	Baityk	Chardzhou	Charvak	Dzhizak	Fergana	Kattakurgan	Leninabad	Namangan	Naryn	Osh	Panfilov	Przhevalsk	Rybache	Samarkand	Serahs	Tashkent	Termez
1901	1	34	32	13	6	32.3	2	76.2	72	9	30.8	15	7	3	29.6	9.1	15	5.4	33	9.4	54	13
1901	2	1	1	4	0	3.8	0	21.1	19	2	7.7	4	0	1	0	0.8	0	0.5	9	1.3	23	0
1901	3	139	34	22	16	62.7	15	67.9	16	12	21.3	16	22	19	37.7	21.9	32	15.4	17	18.7	30	22
1901	4	102	27	21	15	56	6	75.4	39	5	38.9	10	19	15	44	24	50	13.3	65	16.6	50	7
1901	5	168	29	43	9	107.9	13	83.2	33	31	29.4	25	21	74	74	39.5	95	27.7	35	16.9	21	8
1901	6	67	38	23	0	127.1	0	120.6	0	31	17.1	35	20	125	102	42.2	135	30.1	17	5.8	67	1
1901	7	31	5	0	0	34.1	0	7.3	0	7	0.5	0	1	34	9.6	18	78	10.3	0	0.1	0	0
1901	8	17	0	0	0	10.2	0	4.6	0	0	0	2	0	2	11	7.8	38	3.3	0	0.1	3	0
1901	9	41	3	7	0	31	0	35.6	23	1	18	3	25	16	0	16.8	69	8.6	14.6	2.3	20	0
1901	10	142	95	31	10	134.8	8	204.7	85	37	43	31	78	37	109.6	45.1	122	26.6	43	16.9	117	1
1901	11	67	29.3	13	10	53.5	2	105	61	15	17	17	30	16	40.3	16.8	34	10.7	29	11.4	74	5
1901	12	36	13	23	5	21	2	18.4	11	11	13	0	3	9	14.8	7.3	15	5	5	7.5	7	6
1902	1	63	67	27	43	78.2	34	161.3	70	34	62	23	68	8	83.9	16.4	11	11.2	46	41	82	9
1902	2	40	25	29	23	30	12	47.9	21	15	30	2	17	3	28.8	8.8	15	5.5	18	22	24	8
1902	3	65	63	41	46	74.2	4	128.4	63	33	60	23	48	21	73.9	15.5	7	11.9	58	41.4	46	46
1902	4	97	68	14	5	108.1	14	157	43	54	27	38	69	43	97.5	25.8	32	19.3	46	21	51	13
1902	5	142	27	3	0	124.1	0	80.1	9	24	0	18	54	107	56.8	44.1	124	31.6	0	1.5	17	1
1902	6	62	14	0	0	50.6	0	34.3	2	11	0	2	24	40	39	15.6	32	12.1	0	0	6	0
1902	7	85	24	0	0	42.1	0	10.4	0	2	0	2	1	11	8	30.4	138	13.7	0	0	0	0
1902	8	18	0	0	0	8.7	0	0.4	0	0	0	0	0	7	0	6	26	3.2	1	0	0	0
1902	9	57	0	1	0	25.8	0	8.6	2	14	0	0	0	12	1	17.1	70	8.6	0	0	3	0
1902	10	61	49	24	6	70.2	5	105.7	27	43	40	24	31	26	38	19.5	39	13	26	28	44	3
1902	11	106	49	56	16	99	48	234.4	163	59	103	54	51	12	66	25.2	25	16.4	74	21	148	23
1902	12	46	15.2	30	20	35	23	85.7	33	15	58	25	9	8	5	14.1	41	7.6	28	23.8	66	0
1903	1	21	31.9	22	25	45.5	0	129.6	103	18	105	32	26.8	12	44.8	11.9	21	6.8	79	27	66	19
1903	2	53	37.6	19	18	53.9	16	122.3	42	29	53	29	29.7	20	52.5	13	11	9.5	33	24	71	34
1903	3	26	24.3	66	41	39	42	79.1	71	22	53	2	16	14	34.8	11.5	27	6.9	58	91	48	30
1903	4	32	1	0	2	18.4	3	30	32	2	45	5	5	8	6.7	7.9	21	4.7	41	13	14	21
1903	5	128	46	20	34	136.3	21	134.8	48	28	71	49	41	122	86	40.8	89	32	85	34	34	23
1903	6	93	19.2	5	2	63.7	0	42.1	9	8	3	36	1	59	50	17	14	15.9	10	0	2	0
1903	7	63	3	1	0	57.5	0	42	8	20	4	18	4	69	22	18.2	39	15.4	8	0	18	0
1903	8	11	2	6	0	33.8	0	12.4	2	13	0	2	1	41	19	15.3	68	9.4	0	0	0	0
1903	9	45	7	0	0	26.7	0	7	1	1	0	2	0	11	12	19.7	94	8.8	1	0	2	0
1903	10	26	9	0	0	16.6	0	14	0	3	0	3	0	9	9	7.8	27	4.5	2	0	11	0
1903	11	37	10	7	0	31	1	46.8	33	20	9	2	5	1	65	8.1	10	5.2	6	1	30	16
1903	12	17	10	23	16	23.4	2	46.2	36	4	9	13	9	15	15	5.9	9	4.6	17	23	31	6
1904	1	16	24	20	25	27.1	6	74.5	59	15	48	17.3	14	1	17	6.5	9	3.8	52	64	41	30
1904	2	22	11	19	13	10.3	2	13.5	13	1	19	1	2	1	9	3.2	3	2.2	21	34	4	3
1904	3	26	50	41	28	61.7	2	89	95	12	60	27	6	41	66	15	29	11.5	68	58	31	38
1904	4	77	34	25	16	62.8	10	90.5	54	16	42	18	15	27	39.7	23.7	68	14.2	47	23	56	20
1904	5	96	32	28	22	105.6	41	133.8	68	35	31	33	31	70	89	33.9	87	23.4	82	25	65	26
1904	6	76	11	4	0	56.6	0	16.2	1	9	0	2	4	60	19	25.4	88	16.9	0	0	1	0
1904	7	31	2	0	0	33	0	8.1	1	3	0	0	1	39	30	13.3	46	9.4	0	0	0	0
1904	8	37	5	2	0	13.1	0	3.8	1	3	0	0	0	6	7	5.8	12	3.9	0	0	0	0
1904	9	20	24	6	0	51.1	0	47.4	18	20	7	10.4	28	30	46	17.1	61	10.3	4	0	1	0
1904	10	75	9	0	2	41.6	0	57.8	27	8	11	10	36	12	28	12.6	14	9	8	14	26	6
1904	11	52	10	15	7	20.3	5	32.1	19	2	36	1	1	6	18	6.7	4	5.1	30	26	28	12
1904	12	22	33	39	20	38.8	7	98	60	17	34	21	34	8	5	8.2	7	5.6	28	16	59	21
1905	1	64	55	18	13	59.9	0	127.8	109	28	45.6	7	31.9	15	61.4	13.5	8	10	54.7	25	87	17
1905	2	6	8	14	9.5	10.3	12	30.6	25	2	15	2	4.8	1	9	3.6	12	1.8	15.2	10	26	1
1905	3	23	20	39	26.9	24.5	26	50.6	41	18	21	1	14.3	3	27.1	6.6	11	4	27.8	38	28	13
1905	4	129	34	46	30	94.7	1	107	64	23	29	34	27.5	58	51.4	31.1	66	22.3	39.4	10	48	19
1905	5	141	46	42	9	103.1	7	106.8	39	44	26	22.5	36.7	55	69.7	33.6	74	23.6	28.9	5	46	1
1905	6	91	4	0	0	52.5	2	47.5	20	22	2	31	3	29	22.1	23.5	71	14.4	11.8	0	12	0
1905	7	63	2	0	0	42.3	0	7.2	1	0	0	4	0	55	5.8	15.6	39	13	0.9	0	0	0
1905	8	50	6	2	0	48.7	0	15.2	1	18	0	0	3	51	17.5	20.5	73	13.8	1.5	0	0	0
1905	9	17	0	0	0	7.6	0	0.3	0	0	0	0	0.3	0	0.7	6.8	32	2.7	0	0	0	0
1905	10	13	3	0	0	17.7	0	17.7	3	14	1	6	7.2	12	12.7	6	19	3.9	3	0	4	0
1905	11	48	3	19	7	31.4	33	34.9	49	9	33	6	7.6	17.5	12.8	11.8	26	8	30.8	1	12	0
1905	12	32	34	37	9	43.1	8	90.1	23	21	22	17	22.7	12	42.2	13.6	38	7.8	24.9	16	57	13
1906	1	24	20	19	1	33.4	6	66.1	85	9	32.8	2	13.1	17.1	24.7	9.3	21	6	38.8	34	47	11
1906	2	17	21	22	4	36.3	7	63.7	83	19	37.3	17.2	18.1	17.7	33.3	7.9	12	5.3	40	1	21	29
1906	3	67	36	38	60	53.4	23.4	83.7	62	13	36	18.9	12	26.1	37.6	12.7	8	10.5	45	29	50	20
1906	4	84	34	33	16	70.5	17.7	109.7	115	25	46	25.7	22	34.9	48.7	17.6	17	13.9	60.3	26	55	31
1906	5	120	3	70	4	59.4	14	35.9	60	9	28	1	4	39.7	13.7	34.2	116	20.5	46	8	18	10
1906	6	32	4	13	2	34.6	1	46.4	19	25	13.9	23	3	20.9	21.3	14.6	50	8.4	15	0	18	2
1906	7	36	45	7	0	67.5	0	84.7	3	51	4	12	29	35.3	64.4	17.6	46	11.5	2	0	35	0
1906	8	68	6	0	0	53.6	0	7.6	1	1	0	0	2	73	9.8	18.4	45	16	0	0	1	0
1906	9	17	0	0	0	10.3	0	8.3	3	0	1	0	0	3	1.4	8.4	41	3.5	0	0	12	0
1906	10	37	0	17	0	18.6	0	0.7	1	0	0.1	0	0	14.7	1.3	14.7	63	7.7	0	0	0	0
1906	11	45	0	8	15	18.2	3	21.3	8	6	6.6	0	0	10.6	5.1	8.1	17	5.9	6	2	24	2
1906	12	42	18	20	12	39.7	14	63	49	11	74	14.9	0	22.2	22.1	14.3	36	9	42	21	39	24
1907	1	68	64	31	23	82	13	147.2	89	38.6	63.7	32.6	42.4	40.3	81.7	1	41	14.2	82	33	74	30
1907	2	3	1	22	16	10.8	2	29	15	2	34	7.6	3.7	5.6	5.6	3	7	1.7	63	22	14	18
1907	3	58	48	65	54	68.7	29	129.6	73	25	60.3	27.6	31.5	33.5	59.7	4	27	11.8	69	65	69	16
1907	4	163	23	64	53	94.8	51	117.1	59	13	61.8	23.5	20.8	50.7	37.4	32.8	56	24.4	58.6	59	71	20
1907	5	118	68	69	17	99.9	18	109.8	47	38	52.7	9	38.5	50.8	78.9	26.5	40	20.3	72	29.6	48	38
1907	6	89	24	0	0	54.2	0	24.8	20	7	10.1	0	10.6	33.8	23.9	25.8	84	16.2	15	0	7	1
1907	7	20	1	0	0	20.3	0	18.6	31	11	5.7	6	6.1	13.2	10.3	10.2	39	5.5	0	0	3	0
1907	8	19	15	0	0	23.2	0	11	0	6	0.8	0	6.5	15.5	14.8	12.1	51	6.3	0	0	2	0
1907	9	41	4	0	0	27.4	0	5.4	0	0	0.2	0	2.1	18	5.4	15.9	66	8.4	0	0	3	0
1907	10	83	46	11	2	72.7	2	85.8	31	20	21.5	16	25.4	45	51.1	20.6	37	15.7	24	6	47	6
1907	11	50	46	25	48	62.1	0	79.1	58	25	36.3	3	25.7	34	51.9	17.7	41	12.3	49	36.4	42	7
1907	12	48	25	0	3	32.5	0	36.5	12	9	5.5	6.9	12.5	12	25.4	10.9	25	7.2	3	2.8	18	1
1908	1	46	69.1	39	19.6	79.7	2	168.8	142	65	80.5	21	51.7	22	96	24.5	67	13.6	109	20	84	35
1908	2	37	32	15	9	49	4	81.8	61	26	40.4	10	23.4	20	44.1	13.7	29	9	58	12.8	41	17
1908	3	45	22	35	22	62.2	15	170.7	97	43	68.8	72	33.9	14	22	18.2	38	10.6	78	30.1	82	41
1908	4	92	19	18	18	71.5	15	117.5	36	33	34.2	43	29.4	20	73	23.5	52	14.7	30	20.9	55	19
1908	5	134	8	25	15	70.4	21	70.2	73	6	48.5	10	0	73	10	26.8	54	21	72	20.2	63	5
1908	6	73	5	7	0	43.1	2	33.9	40	12	15.2	21	0	26	15	22.7	83	12.6	15	0	8	0
1908	7	15	0	0	0	9.1	0	0.2	0	0	0	0	0	4	0	8.7	46	3.5	0	0	0	0
1908	8	55	1	0	0	28.2	0	4.8	2	1	1.2	4	0	24	1	17.9	74	9.8	1	0	0	0
1908	9	38	6	9	0	28.1	0	10.5	10	7	2	0	3	32	12	9.3	20	7.8	0	0	0	0
1908	10	89	13	12	10	44.3	3	58.6	45	22	19.8	11	13	13	27	15.2	23	10.4	20	17	32	0
1908	11	76	13	0	3	33.7	0	37.6	27	19	12.1	0	10	12	11	11.5	14	8.3	14	8	22	1
1908	12	29	11	21	19	24.6	8	62.9	40	26	38.9	4	12	2	0	8.2	19	4.6	61	14	44	19
1909	1	19	22	20	21	38.6	28	82.9	86	31	47.1	20.6	12	11	37.8	10.2	21	6.2	48	15	38	21
1909	2	21	29	10	38	35.5	7	72.6	37	29	35.2	16.8	19	6	41.1	7	4	4.9	48	29.8	29	12
1909	3	42	38	36	46	57.3	16	116.8	71	34	62.1	26	11	28	33	13.5	14	10.3	82	43.3	74	38
1909	4	59	37	61	39	51.7	45	75	64	9	57.2	18.2	9	21	45	16.2	34	10.7	73	44.8	39	11
1909	5	62	10	17	0	29.4	3	19.7	19	0	20.2	5.5	0	22	17	11.2	21	8.3	30	5.8	5	29
1909	6	60	5	0	0	47	0	18	1	4	1.3	3.2	5	49	15	22.6	85	14.3	0	0	7	0
1909	7	50	3	24	0	61.6	0	20	0	1	0	3	4.1	75	9	29	118	18.5	3	0	13	0
1909	8	1	0	0	0	3.5	0	0.2	1	0	0	0	0.1	2	0	3.4	20	1.2	0	0	0	0
1909	9	39	0	0	0	27.5	0	2.9	0	2	0	0	1.5	31	2	13.5	50	8.8	0	0	0	0
1909	10	56	17	0	6	45.2	0	32.3	19	7	2	5	10.4	24	28	21.8	84	11.9	10	4.4	16	0
1909	11	5	17	0	0	19.7	0	19.5	1	0	2	0	18	13	5	6.9	27	4	0	0.1	5	0
1909	12	10	1	1	7	6.5	2	6.2	2	0	4	1	0	4	1.5	3.7	15	2	5	5.1	6	2
1910	1	31	4	17	40	20.2	18	42	32	13	41	10	9.8	4	15.4	5.3	1	3.8	40	33.3	15	18
1910	2	24	39	17	28	53.9	4	100.4	81	35	30	37	31	19	56.4	14.1	33	8.8	13	24.6	31	21
1910	3	71	106	60	51	128.8	39	327.4	178	83	97	94	82.4	30	147.1	29.1	40	18.8	90	60.2	172.1	55
1910	4	59	16	16	0	62.5	12	63.6	27	25	30	14	18.7	50	34.7	19.4	47	14.5	25	7.9	27	17
1910	5	22	20	21	1	52.7	2	71.4	35	18	10	33	18.9	37	34.4	18.1	62	11.2	37	6.7	24	5
1910	6	47	29	7	0	75.8	0	54.4	2	28	0	23	22	54	45	32.5	132	18.4	1	0	12	0
1910	7	22	1	1	0	30.3	0	4	1	0	0	0	1.3	43	4.4	10.1	31	8.6	0	0	1	0
1910	8	2	0	0	0	7.5	0	3.6	0	1	0	1	0.7	1	1.7	7.7	45	2.5	0	0	3	0
1910	9	3	2	3	0	18	0	6.7	2	1	4	0	1.8	13	4.1	12.6	67	5.3	2.3	0	2	0
1910	10	32	8	1	1	20.8	0	31	18	5	6	3	6.2	6	11.4	9.6	32	5.1	8.4	1.6	25	0
1910	11	14	8	1	0	10.8	0	12.2	0	7	0	2	5.2	4	10.3	3	5	2.2	1.2	0.4	5	0
1910	12	4	24	6	7	27.1	3	48.8	52	25	23	9	18.3	7	34.6	6.2	14	3.7	26.9	8.7	12	13
1911	1	46	11	37	22	55.4	46	91.7	140	16	79	15	17.1	43	29.2	14.2	19	11.7	76.5	32.5	41	11
1911	2	55	12	16	19	39.7	21	88.4	63.2	16	52	19	16.3	12	26.8	11.9	16	8	48.9	22	56	16
1911	3	95	24	74	51	49.5	51	104.1	145	15	70	22	19.8	10	23	14.1	4	10.3	58	59	47	63
1911	4	84	20	38	20	66.7	24	114	91	31	77	27	42	10	18	20.3	34	21	79	28.8	46	21
1911	5	88	10	42	22	68.8	26	112.4	104	49	34	12	10	31	5	23.5	53	21	55	29	89	11
1911	6	42	17	0	0	73.1	0	28.2	0	9	0	24	3	59	0	3	26	36	3	0	0	0
1911	7	55	5	11	0	74	0	12.6	6	7	1	0	8	44	0	24.7	69	38	4	0	1	0
1911	8	44	1	4	0	47.4	0	1.5	2	0	0	0	0	9	0	10	44	30	0	0	1	0
1911	9	41	8	12	0	15.2	0	12	0	2.9	4	3	3.4	1	0	5	26	4.4	2	0	7	0
1911	10	81	20.4	4	2	50.6	0	94.3	45	17.3	11	40	20	18	18	15	33	11.3	22	4.5	49	0
1911	11	48	5.2	6	8	20.4	0	19.1	18	3.5	10	0	4.2	3	6	9	25	5.5	21	6.7	12	1
1911	12	16	32	19	9	35.5	6	87.1	63	22.7	23	15	36	0	44.8	7	16	4.5	37	12.3	41	0
1912	1	27	17	12	13.6	16.3	9.8	37.1	23	11.1	13	10	14	6	20.8	5	9	0	21.1	15	8	42
1912	2	63	68	55	28.1	52	20.5	128.9	109	34.1	53	16	38	26	72.5	3	11	1	54	35.4	65	16
1912	3	77	53	28	13.7	48	3	126	85	29.6	38	18	35	20	61	18	6	0	34	19.4	77	17.9
1912	4	24	13	51	22	23.6	16	52.4	39	15.1	73	3	41	13	12	1	11	1	6	28.5	10	28
1912	5	97	49	37	11	63.3	0	100.9	116	27.7	27	31	39	35	36	7	15	8	3	17.7	26	3
1912	6	77	4	53	4.1	95.4	0	27.3	5	7.5	0	2	14	31	11	22	32	55	6	0	8	0
1912	7	28	16	3	0.4	89.7	0	21.3	0	8.3	0	0	14	16	3	9	47	59	0	0	0	0
1912	8	2	2	2	0.1	22.3	0	2.8	0	1.1	0	0	0	6	3	8	38	13	0	0	0	0
1912	9	13	1	0	0.1	38.9	0	6.1	7	1.5	0	1	0	58	0	10	35	12	0	0	0	0
1912	10	30	4	0	0.2	12.3	0	5.6	1	1.9	0	0	0	7	9	12	31	0	0.7	0.3	4	0
1912	11	29	4	38	9.9	16.5	5	43.2	28	8.2	23	6	15	3	19	8	26	0	10	15.1	29	3
1912	12	44	52	9	17.1	50.6	11	98.2	45	22.2	49	21	16	13	32	13.5	24	8.8	52	19	55	29
1913	1	55	48	35	23	26	17	114.7	123	21.3	40.7	24	15	18	28	12.3	25	0	19	27.2	79	20
1913	2	38	45	59	30	12	41	50.6	63	14.5	56	6	3	12	31	7.3	10	1	73	37.7	24	7
1913	3	19	40	22	19	13	24	84.1	34	17.4	26.4	14	17	15	24	8.5	24	0	22	21.6	62	1
1913	4	63	48	32	60	36	24	98.3	64.1	16	52	19	29	39	90	17.8	35	6	46	48.7	38	0
1913	5	79	9	4	2	143	9	54.2	28	5	2	7	16	89	30	26.6	59	16	13.3	5.3	30	11
1913	6	46	14	0	0	37	0	16.5	0	4	0	0	8	54	14	18.2	76	2	1.1	0	1	0
1913	7	0	0	0	0	1	0	0	0	0	0	0	0	8	0	2.5	13	2	0	0	0	0
1913	8	0	0	0	0	6	0	0.2	0	0	0	0	0	0	0	11.4	25	40	0	0	0	0
1913	9	26	8	3	0	6	0	5.1	1	0	1	2	0	26	11	8.3	35	0	0	0	0	0
1913	10	38	19	52	33	55	18	82.2	56	24	54	15	9	15	12	9.2	15	0	10	33.4	62	5
1913	11	64	19	21	41	53	17	71.2	36	18	58	13	16.8	18	29.6	18.7	73	0	12	33.5	43	3
1913	12	20	12	19	2	9	7	48.4	35	10	17	8	9.9	1	16.7	3.3	1	0	13	10.2	35	55
1914	1	16.3	24	38	25	17	47	113.3	47	10	37.8	29	42	6	20	5	6	0	23	15	79	9
1914	2	20.1	31	13	10	22	14	110.9	36	18	24.6	8	55	10	14	11	1	0	14	18	80	17
1914	3	41.2	18	22	12	35	24	102.5	33	10	32	25	30	12	37	7	5	13	15	26	78	57
1914	4	47.6	45	59	34	96	28	73.3	44	21	39.3	15	0	14	54	20	30	4	48	68	37	8
1914	5	141.8	46	11	4	186	4	115.9	41	25	27.8	16	51	64	60	45	29	39	32	5	45	2
1914	6	67.3	25	7	1	45	1	53.4	35	15	11	10	25	21	7	15	62	16	4	0	19	0
1914	7	63.4	2	0	0	26	0	2.2	0	0	0.1	0	0	8	2	16	81	17	0	0	0	0
1914	8	65.1	1	7	0	31	0	7.8	0	0	0.5	0	10	9	0	3	25	30	0	0	0	0
1914	9	18.4	0	0	0	25	0	2.3	0	0	0.2	2	0	1	0	5	32	2	0	0	0	0
1914	10	22.7	18	31	6	22	20	52.6	34	0	18.5	24	10	17	44	7	16	2	10	31	24	5
1914	11	19.9	18	42	25	19	34	127.6	101	1	59.7	15	14.5	9	22	10	18	0	61	35	123	38
1914	12	20.2	23	12	16	17	8	57.2	30	11.5	14.9	5	13	11	22	11	22	0	8	24	45	4
1915	1	16	6	2	25	24	3	14.5	1	0	27	0	2.2	10	0	16	15	0	8	16.7	11	0
1915	2	29.2	41	11	17	34	18	65.6	12	39	13	5	28.2	31	67	2	16	0	14	18.4	21	30
1915	3	33.6	46	60	56	45	33	126.4	82	48	69	46	35.6	24	34	8	14	1	97	54.9	33	14
1915	4	90.1	41	39.8	26	132	5	154.1	120.3	17	84	23	31.4	47	69	24	29	19	120	31.8	98	44
1915	5	100	5	42	1	80	10	22.3	1	19	9	2	2	83	4	59	77	20	8	8.7	9	1
1915	6	36	1	16	0	61	0	18.4	13	0	1	0	7	30	4	4	30	33	6	0	15	0
1915	7	33	13	28	0	138	0	48.8	1	6	3	9	36	51	30	17	55	35	1	0	11	0
1915	8	6	0	0	0	18	0	1.3	0	0	0	0	1	7	0	11	45	30	0	0	0	0
1915	9	1	0	0	0	4	0	1.7	1	0	0	2	0	10	1	0	19	7	0	0	0	0
1915	10	47	5	5	1	35	0	13	1	2	3	0	4	20	15	4	58	1	1	1.5	8	0
1915	11	4	5	5	0	3	0	4.5	8	0	10	0	0	9	0	0	11	0	10	1.2	1	0
1915	12	41	25	24	11	16	8	71.7	25	17	31	8	37	3	51	18	18	0	7	13.5	31	7
1916	1	27	14	27.6	25	17	15	62	45.2	13.8	45	1	24	18	33	31	2	0	36	24.9	47	4
1916	2	24	23	14	4	15	35	41	80	0	27	14	49	8	8	18	12	0	16	13.3	16	3
1916	3	78	46	23	45	54	37	157	155	3	90	29	25.7	24	59	14	39	8	45	46.6	44	53
1916	4	127	6	43	51	95	28	99	46	2	47	9	29	42	20	10	53	5	44	46.4	26	32
1916	5	45	8	16	4	26	0	10	11	1	15	3	13	28	19	0	19	15	29	6	4	4
1916	6	75	1	9	0	96	0	18	27	1	9	4	10	29	0	24	46	27	16	0	7	0
1916	7	42	4	0	0	40	0	2	0	0	0	0	2	6	0	39	40	28	0	0	1	0
1916	8	6	0	0	0	0	0	0	0	0	0	0	0	0	0	2	31	1.5	0	0	0	0
1916	9	66	0	15	0	25	0	3.3	2	0	0	2	0	4	0	11	40	6.5	2	0	1	0
1916	10	27	7	0	5	45	1	60.2	11	6	8.8	11	57	7	12	17	31	7	5	4.8	16	0
1916	11	36	7	14	1	15	10	26.4	21	13	9.2	6	1	7	14	2	40	5.3	5	5.2	15	0
1916	12	31	16	6	3	7	4	36.6	21	12	10.9	2	17	7	21.7	16	5	4.2	10	4.7	17	3
1917	1	15	3	21.2	22	7	12	14.9	9	1	14.2	0	5	2	4.8	1	1	1.6	14	21	9	23
1917	2	57	16	12.2	5	26	6	70.3	25	3	20.4	10	10.7	4	18.1	3	5	5.7	21	8.6	61	18
1917	3	63	14	11.6	4	31	13	38.7	19	1	15.6	0	21	8	17.8	6	7	6.6	15.5	7.8	23	8
1917	4	30	0	0	0	26	0	1.2	0	0	0	0	0	3	1.3	2	35	4.3	0	0	0	0
1917	5	13	7	2.2	0	12	0	33.5	0	0	2.3	0	48	29	21.8	1	30	6.3	0	1	0	1
1917	6	37	0	0	0	43	0	2.5	0	0	0	0	0	0	1.8	44	53	6.9	0	0	1	0
1917	7	5	0	0	0	28	0	3.4	0	0	0	0	0	46	3.4	11	39	7.7	0	0	0	0
1917	8	8	0	0	0	25	0	1.3	0	0	0	0	0	4	1.1	27	32	3.8	0	0	0	0
1917	9	7	0	0	0	3	0	0.4	0	0	0	0	0	2	0.4	1	11	1.1	0	0	0	0
1917	10	38	7	9.9	1	30	1	34.8	14	3	8.3	0	27	5	16.9	3	36	6	9.2	18	16	0
1917	11	11	7	6.1	2	11	2	26.1	16	3	4.9	4.7	5	17	9.4	8	19	4.1	1	9	19	0
1917	12	20	7	3.1	2	15	0	37.4	5	4	6.6	7.2	29	7	17.8	7	13	3.9	7.3	1	12	4
1918	1	8	12	27.6	25	5	13.3	79.3	14	5	19.9	14.3	41	5	26	5	1	2.7	16	25.9	50	25
1918	2	21	4	43.2	39	22	21.6	89.8	66	3	36.8	18.6	40	3	22.4	8	3	4	27	40.8	55	46
1918	3	81	38	56.6	58	45	25.9	91.8	55	26	33.4	20.2	25.9	21	48.4	16	30	11.8	28	57.4	44	19.4
1918	4	56	17	17.5	7	77	10.3	139	76	11	40.5	19.3	18.2	47	31.6	22	39	14.4	45.7	11.1	38	16
1918	5	107.4	19	12.2	1	156	7.2	60	64	15	33.7	15.9	18.1	44	35.5	28	77	21.7	38.3	5.2	29	14
1918	6	5	0	0.1	0	5	0.1	3	2	0	0.7	0.3	0.3	1	0.7	3	14	1.2	0.9	0	0	0
1918	7	73	9	1.5	0	75	0.9	10	5	14	2.6	4.9	9.7	46	21.8	19	78	15.6	0	0	3	0
1918	8	4	0	0	0	1	0	0	0	0	0	0.1	0.2	7	1	2	30	2.1	0	0	0	0
1918	9	4	0	0.1	0	1	0.1	0	0	0	0.1	0.2	0.3	5	0.9	4	25	1.8	0.1	0	0	0.1
1918	10	28.9	6	6.5	4.2	38	3	27	7	5	6.4	4.1	5.6	18	10.9	2	22	6.4	6.7	5.1	5	3.6
1918	11	69.4	6	19.9	12.9	37	9.2	109	5	30	17.6	15.8	19.7	60	33.1	10	53	15.2	17	15.8	39	11.3
1918	12	30	29	22.4	15.9	9	12.7	69	55.7	32	34.7	20.1	24.4	7	43.7	19	12	5.2	38.3	18.6	53	15.7
1919	1	28	14	15.3	10	21	8.8	57	65	11	30.3	12.5	11.9	16	20.9	7	29	0	35	12.2	25	11.4
1919	2	24	12	27.1	20.1	15	16.9	136	109	23	53.3	22.5	19.9	15	31	12	20	6.1	60.8	22.8	44	20
1919	3	65	45	24.7	13	34	13.8	126	83.4	42	49.4	30.2	35.7	17	63.9	20	20	10.6	55.4	17.5	81	21.3
1919	4	44	7	21.6	16	51	12.1	64	84	8	37.2	13	10.4	22	18	18	33	9.3	43.1	18.4	18	13.8
1919	5	82	9	25.4	17.9	107	14.4	103	79	10	41.7	17.8	15.1	35	25.7	9	33	15	46.8	20.8	41	16.7
1919	6	55	2	2.3	0	63	1.7	16	4	9	6.6	5.5	7.3	36	14.4	34	43	12.1	6.8	0	16	3.8
1919	7	31	2	0.7	0	44	0.4	4	1	3	0.9	1.4	2.8	12	6.2	23	19	6.2	0	0	0	0.9
1919	8	0	0	0.2	0	0	0.1	3	0	0	0.2	0.3	0.5	14	1.3	8	17	2.3	0	0	0	0.2
1919	9	29	0	0.8	0	56	0.4	4	1	2	0	1.3	2.2	21	6.2	29	72	1	1.1	0	0	1
1919	10	2	2	0.6	0	7	0.2	0	1	4	0	0.9	2.1	6	4.4	0	13	1.6	0.7	0.2	0	0.6
1919	11	42	2	4.5	2	22	2.7	48	22	1	7	5.1	3.9	2	5.8	6	24	0	10.5	3	10	3.9
1919	12	22	13	21.4	19	13	11.4	48	22	15	35	10.8	12	1	20.2	4	17	0	27.2	20	31	10.8
1920	1	18.4	32	23.4	16	15	13.5	69.5	52	25	48	17.1	21.7	5	39.5	14	13	0	36	19.1	28	15.7
1920	2	29	43	40.3	29	29	22.2	85	106	21	62	26.7	27	26	48.9	35	32	0	67	33.7	75	25.9
1920	3	48	47	23.7	9	26	14.4	127	56.7	44	43	25.5	34.6	19	62.8	6	24	0	60	15.4	48	20.5
1920	4	58	21	32.8	25	86	18.1	49	48.8	14	61	18	18.4	56	34.8	9	19	16	57	28.1	54	19.5
1920	5	28	32	16.1	3	116	9.7	68	56.7	13	20	37	21.8	17	40.9	7	10	10.3	44	8.8	32	15.8
1920	6	61	32	5.3	0	88	5.4	30	14.5	21	26	3	20.5	107	45.9	27	70	37	32	0	28	8.7
1920	7	53	16.1	0.7	0	132	0.4	7	2.6	6	0	0	11	83	27	17	82	39	0	0	0	0.9
1920	8	30	5.8	0.7	0	24	0.4	7	2.6	0	0	1.7	3.3	38	12.2	24	75	23	0	0	0	0.8
1920	9	50	22	4.1	0	42	3.2	82	27.7	15	4	12.9	17	24	31.9	18	78	17	14.2	0	34	7
1920	10	95	20.3	18	8	51	10.1	159	73.8	4	23	24	18.7	20.9	28.1	41	14	0	24	12.3	53	14.3
1920	11	97	41.6	29.4	14	41	16.6	143	130.4	32.1	30	43	35	28.6	56.9	70	55	0	50	20.6	80	24.1
1920	12	23	25.9	15.3	9	8	8.4	50	40.8	26	20	13	19.2	16.1	36.5	17	24	5.6	25	11.6	37	11
1921	1	45	14.3	12.8	5	17	7.9	114	42.2	5	24	9	13.1	12.2	19.6	28	22	0	27	8.4	48	10.7
1921	2	65	33.5	23.4	15	27	12.5	127	48.8	30	30	8	26.2	18	46.1	26	27	0	37	18.4	77	15.4
1921	3	69	31.8	50.5	46	31	25.3	86	60.6	24.9	51	34	26.7	16.6	43.6	11	19	0	83	47.5	70	26.2
1921	4	138	67.6	43.8	16	123	26.7	246	144.7	46	77	80	51	44.8	95.1	24	63	0	104	28	88	39.6
1921	5	100	33.8	10.6	1	127	5.4	88	14.5	24	8	20	29	44.5	48.6	13	88	12	14	5.1	40	9.7
1921	6	62	28.3	7.4	4	172	5.6	93	13.2	21	7	28	9	87	44.3	31	50	13	27	0	39	9.7
1921	7	63	3.6	3	0	59	0.4	4	0	0	3	0	0	19	6.9	53	37	14	1	0	1	0.4
1921	8	59	7.7	10	0	64	0.6	12	5.3	1	0	2	10	14	11.3	11	68	3	0	0	1	1
1921	9	26	4.2	0.6	0	15	0.4	15	4	2	0	0	5	0	5.7	7	42	0	0	0	8	0.8
1921	10	95	9.8	0	2	40	4.6	76	34.3	0	6	28	1	13	15.3	23	64	10	16	4	35	8
1921	11	36	20.9	21	17	24	11	103	77.7	22	13	8	10	7	29.7	21	17	0	29	18.7	39	13.2
1921	12	38	43.3	27	13	17	12.8	104	79.1	48	25	24.5	29	10	60.5	32	18	7.7	33	18.3	50	17.6
1922	1	15	26.8	49.6	52	8	23.1	86	77.7	26	45	18.8	18	10.6	37.3	1	29	0	43	50.2	32	20.5
1922	2	41	34	65	22	38	17.9	107	54	41	55	21.5	14	44	49.6	6	19	0	39	30.7	44	19.9
1922	3	48	42.3	25	30	36	17.4	60	81.7	27	31	22.5	54	18	56.3	10	2	1	45	30.1	35	19.9
1922	4	76	25.3	25	24	59	21.5	98	73.8	13	88	22.9	20.8	19	34.1	6	27	10	65	27.8	54	24.8
1922	5	83	42.5	16	6	100	15.4	105	72.5	17	51	25.6	52	40.3	58.3	1	62	13	80	13.7	42	23
1922	6	43	11.3	8	0	46	1.5	3	1.3	4	2	4.2	10	75	18	17	43	6	15	0	6	2.6
1922	7	78	17.4	0	0	113	0.6	16	0	5	0	5.3	20	60	26.1	21	82	7	1	0	2	1.5
1922	8	34	2.7	0	0	41	0.1	0	0	0	0	0.5	1.5	11.8	4.7	1	38	2	0	0	0	0.3
1922	9	0	0.3	0	0	3	0	1	0	0	0	0	0	2.7	0.6	0	26	0	0	0	0	0
1922	10	50	15.2	3	1	59	3.2	74	19.8	13	8	9.5	8	16.1	22.6	4	38	0	4	3	25	5.2
1922	11	18	18.6	7	9	23	5.8	41	21.1	26	14	9.2	8	6	26.7	0	1	0	11	9.4	13	7
1922	12	28	10.5	30	28	12	10.8	50	27.7	7	12	8.4	7	13.2	15.2	4	34	5.4	12	25.9	23	8.4
1923	1	9	12.7	26	49	7	17.7	18	39.5	10	22	8.7	12	4.6	17.2	5	3	0	36	40.9	12	13.5
1923	2	38	47	43	61	18	31	89	123.9	37	50	31.6	44	19.1	64.3	20	33	0	91	57.3	72	32.3
1923	3	129	51.6	99	51	54	37.2	253	156.8	30	75	46.3	42	18	71.4	25	25	6	120	62.2	145	42.9
1923	4	102	24.2	25	44	65	30.4	126	81.7	12	107	26.3	14	35	35.4	19	31	2	109	43.8	68	33
1923	5	99	38.7	10	5	79	5.5	64	23.7	20	1	16.8	43	89	55.4	5	40	23	16	7.8	36	8.8
1923	6	41	26.3	35	3	63	4.1	19	29	13	1	10.6	35	35.4	37.3	8	61	19	10	0	13	6.1
1923	7	75	5.2	0	0	56	0.1	0	0	3	0	1.9	0	39.4	11.5	16	118	21	0	0	5	0.3
1923	8	4	1.3	0	0	11	0	0	0	0	0	0.4	0	6	2.6	2	36	12	0	0	0	0
1923	9	50	4.1	0	0	40	0	0	0	3	0	0.9	0	19	7.4	9	63	9	0	0	0	0.2
1923	10	70	16.3	7	9	61	3	170	48.8	5	34	17.1	9	15	23.4	23	40	1	30	10.7	46	12.4
1923	11	55	15.5	25	1	30	7	63	34.3	10	7	11.2	12	22	22.1	32	9	0	22	7.3	32	8
1923	12	18	18.4	6	13	10	2	19	36.9	23	46	11.3	9	4	25.4	2	2	2.9	23	12.3	24	11
1924	1	26	17.2	41	48	18	41	94	36.9	15	56	17	8	17	24.6	11	11	0	23	46.6	56	21.2
1924	2	41	16.6	52	26	26	51	123	43.5	7	79	20.8	11	10	23.3	8	10	1	56	44	67	26.7
1924	3	52	50.6	89	28	52	12	76	67.2	44	41	27.1	45	88	71.4	13	71	0	57	41	55	22.5
1924	4	131	26.5	40	58	117	39	135	110.7	8	71	28.5	17	36	39.3	8	26	10	112	45	71	35.3
1924	5	93	32.5	17	1	113	5	120	27.7	8	21.8	18.2	42	37	44.6	9	31	9	23	4	41	10.1
1924	6	47	12.3	12	0	65	3	30	26.4	6	5	6.3	5	86	20.7	11	43	10	8	0	7	3.6
1924	7	31	4.8	0	0	40	0	11	0	1	0	2	0	46	9	3	69	11	0	0	9	0.4
1924	8	10	5	1	0	14	0	0	0	2	0	0.8	3	10	8.4	3	26	30	0	0	0	0.2
1924	9	42	9	0	0	26	0	12	1.3	9	0	2.8	5	21	13.7	6	46	7	0	0	2	0.9
1924	10	54	19.7	13	0	32	0	68	17.1	13	8	11.1	21	3	26.7	18	20	0	10	2	32	5.3
1924	11	37	25	5	14	16	3	60	58	25	18	15.6	19	9	34.7	22	16	0	30	5	33	11.6
1924	12	22	50	36	30	28	25	128	142.3	21	91	37.5	67	21	65.6	7	36	0	84	21	91	34
1925	1	27	10.6	26	12	14	5	38	63.2	5	21	12.5	8	6	15	10	32	0	59	8	34	13.2
1925	2	2	0.8	10	1	1	0	0	10.5	1	0	0.8	0	3	1.3	0	7	0	1	6	0	0.9
1925	3	82	16.7	11	7	36	7	103	71.2	10	37	17.3	8	17	24.4	13	55	2	35	20	53	14.5
1925	4	83	60.9	16	32	104	60	192	89.6	56	69	38.6	45	27	85.4	22	39	10	55	19	88	33.5
1925	5	72	20	19	0	55	0	14	10.5	11	4	5.7	14	67	26.6	7	44	4	0	0	3	2.1
1925	6	32	0	0	0	66	0	7	0	1	0	1.1	2	31	6.6	1	25	13	0	0	1	0.2
1925	7	18	9	21	0	24	0	5	1.3	3	0	2.5	11	24	13.1	1	38	14	0	0	1	0.7
1925	8	7	0	1	0	18	0	0	0	0	0	0.3	2	9	2.3	6	39	6	0	0	0	0.1
1925	9	0	0	3	0	1	0	0	0	0	0	0	0	2	0.3	1	7	2	0	0	0	0
1925	10	35	12	42	27	21	19	52	48.8	12	55	12.5	6	9	19	4	19	13	44	29.7	22	16.9
1925	11	56	4	19	4	30	11	72	25	8	7	9	8.2	3	12.7	11	33	0	11	4	26	6.4
1925	12	51	16	1	0	12	0	35	32.9	6	9	7.6	8.9	16	17.4	17	12	0	10	0	19	4.6
1926	1	26	16	33	29	17	34	113	72.5	8	44	21.2	15.7	2	23.5	7	27	0	61	15	66	22.7
1926	2	51	9	44	61	26	49	106	46.1	2	53	17.7	21	9	19.2	23	12	0	57	58	50	27.3
1926	3	42	5	47.9	44	31	24	63	46.1	3	75	13.7	4	5	10.4	1	4	0	68	41	35	23.4
1926	4	73	13	32	22	85	24	87	69.8	4	45	16.7	15	30	23.8	22	41	8	41	23	45	18.5
1926	5	48	11	5	2	81	3	28	18.4	9	6	6.2	7	74	20.9	9	128	7	7	16	11	4.4
1926	6	46	22	22	3	75	3	116	51.4	7	20	19.4	32	53	14	26	28	28	46	0	66	12.9
1926	7	83	14	0	0	61	0	82	15.8	23	5	11.9	7	39	32	40	43	29	9	0	34	5
1926	8	14	3	0	0	11	0	1	0	2	0	0.7	2	16	4	18	37	19	0	0	0	0
1926	9	20	6	2	0	27	0	18	2.6	4	0	2.6	9	19	6	15	38	13	0	0	1	0
1926	10	36	1	0	1	29	0	3	1.3	0	2	1.1	4	1	2	6	23	0	3	0	3	0
1926	11	56	22	6	13	23	17	86	81.7	6	37	19.1	22	7	28.5	19	29	0	30	8	72	3
1926	12	23	6	3	3	15	11	131	25	7	25	14	6	7	15	3	2	0	18	12	60	16
1927	1	29	22	13	9	14	9	78	35.6	6	27	14.1	17	5	10	12	27	0	42	10	47	11
1927	2	18	2	34	28	11	16	21	43.5	1	23	3	0	6	15	9	18	0	40	28	14	12
1927	3	45	9	20	7	32	11	81	68.5	9	34	4	10	9	34	8	11	0	22	3	48	40
1927	4	18	3	84	16	44	13	40	13.2	13	43	1	2	25	37	0	30	29	37	6	18	27
1927	5	81	6	25	1	122	0	40	7.9	5	9	15	19	62	29	24	91	29	26	2	29	3
1927	6	3	0	1	0	14	0	0	1.3	0	0	1	0	39	2	23	13	12	0	0	0	0
1927	7	8	2	0	0	15	0	0	0	1	0	1	6	12	1	5	39	13	0	0	0	0
1927	8	32	1	0	0	18	0	0	0	0	0	0	0	13	4	22	44	13	0	0	1	0
1927	9	37	1	14	0	40	0	6	1.3	3	0	2	4	31	6	25	110	18	0	0	1	0
1927	10	66	1	0	1	8	0	13	4	2	0	0	8	14	1	23	25	3	0	0	1	0
1927	11	80	24	24	9	36	2	95	54	10	7	17	19	22	30.6	55	55	0	28	4	43	11
1927	12	37	50	40	45	37	34	145	64.6	19	94	22	42	16	57.1	36	57	0	60	48	78	31
1928	1	37	26	44	18	25	25	102	70.1	17	38	12	41	9	27	17	25	0	58	32	77	26
1928	2	20	28	38	20	11	29	95	64.6	27	46	7	43	12	16	11	22	0	32	27	66	23
1928	3	47	60	29	4	35	23	75	117.3	37	44	9	31	20	77	33	11	4	76	20	62	16
1928	4	135	33	18	4	76	8	147	46.1	19	35	17	20	68	75	24	81	6	40	3	76	16
1928	5	140	51	49	5	108	7	73	34.3	26	40	20.8	41	27	78	27	30	37	38	4	31	2
1928	6	67	2	4	0	38	0	39	2.6	8	0	21	7	38	10	17	60	8	0	0	5	0
1928	7	64	16	18	0	55	0	31	5.3	5	0	6	18	98	22	45	122	65	1	0	2	0
1928	8	49	2	5	0	78	0	10	2.6	3	0	4	4	59	6	29	139	40	1	0	2	0
1928	9	65	4	0	0	52	0	7.1	1.3	7	0	0	0	16	8	13	68	5	0	0	0	0
1928	10	52	8	14	0	29	0	32	39.5	3	1	14	14	1	25	27	15	2	1	0	16	0
1928	11	50	25	5	0	40	2	105	59.3	31	6	41	23	18	80	31	42	0	24	8	43	3
1928	12	29	34	18	16	29	22	126	90.9	26	56	28	48	18	52	16	19	0	56	23	89	6
1929	1	26	27	20	24	9	11	105	114.6	20	22	21	25	20	23	9	17	0	34	16	38	35
1929	2	13	64	41	33	21	26	140	113.3	48	95	18	43	14	66	24	13	0	64	42	92	43
1929	3	33	59	45	20	21	26	102	80.4	56	71	12	56	30	37	6	24	1	63	8	78	15
1929	4	67	8	12	2	46	11	66	117.3	2	44	10	5	12	13	5	21	7	49	1	48	11
1929	5	118	12	7	2	121	2	85	21.1	14	8	12	8	48	53	15	84	6	2	8	47	1
1929	6	48	8	9	0	54	0	16	11.9	14	1	1	4	26	44	18	45	28	0	0	8	0
1929	7	46	0	29	0	64	0	6	1.3	0	0	7	2	38	0	28	54	6	0	0	0	0
1929	8	23	0	0	0	17	0	0	0	0	0	0	0	15	0	10	76	34	0	0	0	0
1929	9	24	18	0	0	24	0	20	10.5	0	1	13	5	23	40	55	15	3	1	0	0	0
1929	10	27	0	19	1	12	0	6	0	0	0	0	1	4	1	1	54	6	0	4	0	0
1929	11	36	9	3	3	17	3	26	32.9	11	3	1	4	8	36	4	12	0	4	0	10	3
1929	12	21	55	18	11	16	10	103	98.8	24	39	28	33	17	48	30	21	0	52	28	66	18
1930	1	10	9	5	25	5	5	30	43.5	7	19	9	13	5	7	10	26	0	21	29	20	12
1930	2	41	63	12	17	21	13	180	131.8	36	49	24	54	18	39	21	11	0	64	28	110	44
1930	3	13	1	50	25	26	32	50	26.4	1	25	2	2	3	2	6	1	0	22	34	27	15
1930	4	126	29	62	16	78	13	161	69.8	21	24	30	33	44	54	6	40	5	35	25.8	69	29
1930	5	112	10	19	43	71	27	75	85.6	11	38	4	8	28	40	6	66	19	26	11	21	11
1930	6	45	33	0	0	71	0	7	4	2	3	4	10	30	35	29	30	10	1	0	0	0
1930	7	8	0	0	0	18	0	0	0	0	0	0	0	13	0	7	46	11	0	0	0	0
1930	8	51	2	0	0	67	0	3	0	0	0	1	1	21	3	1	91	12	0	0	0	0
1930	9	8	4	5	0	8	0	11	29	4	6	6	4	30	9	12	43	11	0	0	4	0
1930	10	61	23	24	2	46	4	97	58	8	21	28	21	3	22	10	39	8.5	36	8.5	47	1
1930	11	25	7	5	1	8	6	60	17.1	6	36	13	6	9	7	7	2	0	15	0	30	2
1930	12	42	52	19	20	39	9	172	63.2	14	47	10	55	12	42	42	45	0	32	21	71	17
1931	1	32	44	47	61	22	30.5	93	88.3	27	93	6	47	25	62	18	18	1	58	38	51	38
1931	2	7	26	25	31	10	1	22	35.6	25	13	6	23	12	30	2	15	0	27	48	19	22
1931	3	34	21	43	20	18	24	101	46.1	20	41	7	13	18	29	19	5	0	55	17	56	34
1931	4	95	30	52	19	59	20	106	108	20	55	27	29	27	75	10	56	5	82	0	45	22
1931	5	126	25	48	27	112	22	104	22.4	31	29	27	31	60	39	25	82	19	60	0	36	34
1931	6	77	2	18	2	109	4	58	10.5	7	24	9	7	53	25	57	66	29	28	0	42	2
1931	7	22	16	7	0	48	0	54	10.5	24	2	3	20	48	47	12	31	42	1	0	3	0
1931	8	18	8	5	0	24	0	3	0	0	0	1	2	31	4	10	15	7	0	0	0	0
1931	9	1	0	0	0	2	0	0	0	0	0	1	0	0	0	1	15	2	0	0	0	0
1931	10	23	8	5	0	61	1	31	1.3	5	0	3	0	15	7	20	11	7	0	1	9	0
1931	11	45	42	29	11	37	19	141	105.4	20	53	14	26	8	48	12	12	1	67	35	89	39
1931	12	29	35	50	72	27	69	97	93.5	25	85	13	27	7	32	20	10	0	66	75	81	43
1932	1	29	84	50	43	18	36	81	83	72	55	37	72	17	59	14	43	0	35	47	77	53
1932	2	23	7	20	10	14	6	96	30.3	6	15	10	4	4	13	28	2	1	7	9	41	5
1932	3	20	15	53	20	25	23	44	92.2	7	64	7	22	10	25	14	4	0	71	58	53	29
1932	4	83	9	11	6	97	20	151	44.8	8	35	23	11	31	31	5	54	4	35	23	59	5
1932	5	101	12	5	3	125	27	78	43.5	13	17	26	21	41	37	43	39	23	27	6	46	5
1932	6	37	6	0	0	52	0	15	1.3	13	0	3	5	33	23	9	43	33	1	0	0	0
1932	7	27	14	24	0	51	0	3	0	0	0	2	0	44	10	33	78	48	0	0	1	0
1932	8	3	0	0	0	59	0	1	1.3	4	0	1	4	37	6	6	78	23	0	0	2	0
1932	9	27	0	0	0	27	0	0	1.3	0	0	0	1	12	6	1	28	15	0	0	0	0
1932	10	92	21	16	1	46	6	47	35.6	6	16	11	21	21	16	15	28	2	23	2	27	2
1932	11	59	59	31	16	40	13	146	98.8	24	46	23	60	7	43	10	20	0	66	9	70	0
1932	12	19	25	18	11	16	16	56	47.4	29	31	15	33	9	30	16	18	0	22	14	30	22
1933	1	14	27	29	31	4	34	37	48.8	21	53	5	15	6	20	6	10	1	35	26	37	25
1933	2	29	7	29	15	21	14	102	75.1	10	54	2	5	21	30	14	17	0	47	19	63	21
1933	3	38	56	64	63	49	36.3	160	100.1	21	107	9	42	23	60	13	8	1	78	27	123	68
1933	4	43	16	31	26	41	13	80	51.4	12	55	5	8	13	42	5	21	4	88	30	40	21
1933	5	50	5	48	18	110	5	67	35.6	3	16	4	2	45	27	14	21	7	21	2	49	11
1933	6	76	9	2	0	94	1	46	6.6	12	0	1	7	60	36	39	32	39	2	0	23	2.2
1933	7	28	1	0	0	24	0	0	0	2	0	0	1	36	16	50	24	21	0	0	0	0
1933	8	6	0	0	0	2	0	0	0	0	0	0	0	11	0	19	34	11	0	0	0	0
1933	9	13	0	0	0	61	0	0	0	0	0	0	0	8	0	6	13	8	0	0	0	0
1933	10	29	9	5	2	42	0	3	2.6	4	0	1	3	34	16	10	54	5	0	1	4	0
1933	11	28	23	25	17	23	30	116	71.2	23	52	15	12	11	51	13	19	0	44	27	44	7
1933	12	47	100	55	22	21	34	275	133.1	74	75	49	20	20	109	37	43	0	88	21	164	52
1934	1	8	17	21	9	7	5	20	29	14	16	8	16	8	15	12	5	0	22	17	31	28
1934	2	70	101	20	10	39	2	140	108	47.6	39	5	54	23	127	23	29	6	64	17	66	56
1934	3	75	40	36	18	73	19	101	68.5	18	62	29	40	12	37	9	26	2	86	12	66	23
1934	4	134	56	106	24	91	54	252	209.5	26	96	39	49	35	97	26	54	9	143	54	122	41
1934	5	131	15	15	15	116	8	61	76.4	7	59	14	9	101	54	29	63	18	53	15	43	17.6
1934	6	61	10	11	1	106	0	28	1.3	16	18	7	13	39	23	42	65	21	2	0	5	2
1934	7	81	14	3	0	132	0	12	13.2	6	0	2	3	39	15	21	75	32	0	0	0	0
1934	8	46	2	0	0	35	0	19	0	2	2	0	2	42	4	20	48	31	0	0	8	0
1934	9	68	5	0	0	79	0	35	4	5	2	14	19	14	25	29	80	12	2	0	17	0
1934	10	41	10	1	0	38	1.3	20	11.9	5	6	3	3	6	19	19	32	0	7	0	2	1
1934	11	10	7	12	5	30	3.8	44	9.2	6	13	5	2	15	10	15	30	0	8	3	26	1
1934	12	49	25	38	9	35	13	117	109.4	11	43	27	22	10	35	27	24	0	47	20.6	72	44
1935	1	9	55	14	19	7	19	22	89.6	30	51	19	50	7	39	8	13	5.3	44	7	46	38
1935	2	13	16	40	8	15	18	146	52.7	13	26	8	15	7	20	6	6	3.9	18	9	22	34
1935	3	93	61	37	39	91	19	105	101.5	33	54	50	67	30	64	19	32	2	57	52	99	8
1935	4	53	13	9	3	42	8	267	32.9	10	6	18	14	15	45	17	21	6	7	4	11	11
1935	5	42	4	5	1	51	1	64	4	7	16	10	11	48	22	20	70	7	17	0	13	4
1935	6	73	47	16	1	80	2	31	50.1	39	16	49	26	38	74	32	89	35	8	0	20	1
1935	7	51	0	1	0	43	0	14	0	1	0	0	2	21	0	45	68	52	0	0	3	0
1935	8	4	0	0	0	2	0	21	0	0	0	0	0	1	1	8	11	1	0	0	0	0
1935	9	47	1	1	0	53	0	41	1.3	1	0	0	0	25	3	12	82	23	1	0	0	0
1935	10	52	18	4	18	41	3	22	22.4	14	17	18	21	13	25	18	47	8	14	9	27	0
1935	11	59	79	31	21	66	19	47	115.9	43.6	62	56	54	38	88.3	9	38	0	75	28	68	78
1935	12	64	36	2	0	34	0	130	22.4	31	5	19	14	28	69	4	39	0	15	6	12	4
1936	1	11	2	4.4	4	10	1	86	1.3	5	11	1	2	1	10	5	6	0	10	2	8	2
1936	2	38	16	19.5	2	28	19	38	47.4	15	47	9	14	19	30	4	28	0	32	17	50	21
1936	3	48	24	36	18	26	11	151	39.5	18	46	19	41	10	35	1	17	1	46	40	74	42
1936	4	92	29	59.8	66	129	29	54	73.8	21	45	60	22	35	113	13	55	8	43	41	74	37
1936	5	57	31	12.1	3	94	11	12	51.4	9	23	29	23	64	46	44	90	15	42	6	28	7
1936	6	20	1	1	1	41	0	74	0	8	0	0	1	67	7	27	101	14	0	0	3	0
1936	7	51	16	0.6	0	83	0	9	1.3	20	0	6	7	26	23	19	94	22	0	0	16	0
1936	8	44	28	0.7	0	54	0	0	0	0	0	12	44	24	36	6	35	16	0	0	11	0
1936	9	29	6	0	0	19	0	1	0	0	0	0	5	7	6	18	54	8	0	0	0	0
1936	10	37	13	4.4	0	28	0	51	14.5	12	4	36	12	9	20	12	44	2	10	4	4	1
1936	11	42	3	6.9	1	1	13	107	5.3	1	11	5	1	1	4	15	4	0	10	3	3	0
1936	12	11	30	23.6	9	10	5	47	79.1	31	18	24	20	6	43	2	15	0	35	25	80	38
1937	1	64	38	31.9	31	17	3	18	38.2	8	34	18	37	22	33	34	19	0	35	34	41	17
1937	2	20	14	33.6	3	12	33	59	10.5	10	15	0	9	7	14	16	17	0	26	47	35	37
1937	3	30	31	30.1	17	39	18	118	64.6	20	23	19	14	13	42	16	22	0	52	25	39	38
1937	4	93	49	43.2	35	113	16	127	68.5	56	44	32	31	49	93	10	65	5	46	39	64	34
1937	5	173	48	29.7	18	159	29	47	83	30	35	35	30	114	79	31	109	14	57	19	52	5
1937	6	29	13	0	0	75	0	3	0	10	0	1	6	58	17	34	30	28	0	0	14	0
1937	7	51	10	1	0	36	0	34	0	6	0	4	9	17	26	30	63	26	0	0	5	0
1937	8	25	0	0	0	28	0	22	0	0	0	0	0	25	2	6	85	38	0	0	0	0
1937	9	21	1	10	0	8	0	0	0	0	3	0	0	21	1	5	73	3	0	0	1	0
1937	10	28	24	4	3	26	0	15	43.5	17	4	11	19	8	36	17	73	4	20	4.9	32	14
1937	11	50	23	5	0	36	0	14	15.8	26	5	11	6	11	65	8	50	0	6	1.8	26	2
1937	12	19	5	12	8	19	8	54	34.3	4	30	13	8	8	11	6	12	0	28	11.3	43	14
1938	1	39	35	36	40	26	9	65	75.1	29	44	27	33	14	31	20	16	3	43	37	21	47
1938	2	33	22	8	18	17	29	24	126.5	39	48	71	33	7	69	5	7	0	100	27.4	63	50
1938	3	54	34	43	34	38	27	42	102.8	29	100	24	16	23	86	6	22	3	60	40.8	50	62
1938	4	30	4	18	26	31	52	114	15.8	5	75	9	6	4	13	3	12	2	53	31.8	21	9
1938	5	73	16	22	1	75	0	103	14.5	9	5	11	16	41	8	13	72	19	9	4.8	22	0
1938	6	66	3	0	0	65	0	14	1.3	1	0	9	2	38	18	9	82	17	0	0	1	0
1938	7	22	2	1	0	32	0	7	1.3	2	2	3	1	15	10	37	67	29	15	0	0	0
1938	8	13	0	0	0	17	0	1	0	0	0	0	0	23	1	19	49	17	0	0	0	0
1938	9	8	0	3	0	3	0	5	0	0	0	0	0	9	1	0	35	15	0	0	0	0
1938	10	39	0	0	0	44	0	60	1.3	0	2	0	1	8.5	0	1	20	0	0	0.4	10	0
1938	11	51	11	25	7	27	10	76	38.2	9	12	5	15	1	25	11	9	1	31	11.9	30	9
1938	12	40	12	16	8	15	10	34	51.4	27	35	13	14	7	46	30	16	0	15	12.8	43	24
1939	1	30	26	21	35	28	31	64	77.7	19	74	24	34	13	30	14	12	0	70	26	67	39
1939	2	30	19	29	4	32	20	145	75.1	18	60	4	13	10	22	1	9	0	49	24	36	34
1939	3	45	16	47	44	42	20	62	38.2	11	61	15	20	20	28	4	14	0	65	55	38	45
1939	4	133	9	50	40	70	36	37	50.1	4	48	14	3	31	33	11	11	7	38	60	60	25
1939	5	94	16	24	16	129	8	21	13.2	4	20	18	4	24	23	6	39	13	19	11	13	5
1939	6	4	2	1	0	31	0	2	0	1	1	13	18	31	9	21	50	31	4	0	0	0
1939	7	40	10	21	0	41	0	4	5.3	8	0	0	15	41	16	9	69	28	3	0	1	0
1939	8	6	0	0	0	5	0	0	0	0	0	0	0	0	0	0	14	11	0	0	0	0
1939	9	30	0	0	0	15	0	0	0	0	0	0	0	9	0	3	41	4	0	0	0	0
1939	10	50	21	11	6	45	0	27	25	36	6	12	14	4	47	5	49	1	17	5	28	2
1939	11	97	24	15	16	68	10	60	27.7	19	28	23	17	12	33	1	42	0	33	2	51	4
1939	12	28	8	19	41	11	30	111	18.4	7	45	8	6	2	7	15	15	0	23	18	54	10
1940	1	50	21	26	36	23	36	92	75.1	7	60	3	24	8	19	14	1	0	52	29	49	20
1940	2	26	11	20	14	23	31	79	34.3	16	48	14	26	15	28	11	6	0	62	10	53	5
1940	3	81	44	33	20	49	16	77	73.4	28	39	19	24	14	59	21	6	5	58	25	52	60
1940	4	54	3	10	20	56	4	46	0	5	11	6	5	16	13	5	24	8	6	6	19	12
1940	5	134	23	46	7	145	12	35	34.3	19	55	24	9	65	85	13	94	8	35	9	57	1
1940	6	7	9	2	0	45	0	0	0	6	0	8	12	98	18	4	62	32	1	0	1	0
1940	7	37	12	0	0	72	0	4	0	6	0	0	33	70	19	10	72	65	0	0	9	0
1940	8	26	0	0	0	59	0	0	0	0	0	0	0	19	0	21	103	27	0	0	0	0
1940	9	45	0	0	0	52	0	2	0	2	0	0	2	13	8	7	71	12	0	0	5	0.2
1940	10	132	42	4	17	88	3	43	90.9	29	21	41	34	53	62	26	95	4	82	6	68	6
1940	11	61	12	5	3	25	0	91	10.5	5	3	6	7	8	10	1	12	0	3	4.1	11	12
1940	12	37	16	19	22	13	17	118	35.6	8	27	4	11	5	27	2	7	1	36	17	57	26
1941	1	32	37	14	15	35	7	104	73.8	35	53	20	30	4	48	7	10	0	40	11	107	44
1941	2	47	38	10	63	44	31	165	55.3	27	45	42	28	17	53	11	11	0	54	42	89	27
1941	3	131	44	55	38	75	27	61	109.4	26	70	46	35	29	55	13	12	0	91	44	88	35
1941	4	79	28	47	37.6	104	13	62	69.8	18	55	39	11	48	53	20	55	29	68	65	91	48
1941	5	68	19	32	5	89	1	165	27.7	8	6	10	8	34	34	23	33	18	17	0	24	7
1941	6	33	5	0	0	41	0	3	0	5	0	2	8	53	9	13	41	21	1	0	3	0
1941	7	37	0	0	0	53	0	17	0	0	0	0	0	32	2	42	48	21	0	0	0	0
1941	8	35	2	0	0	38	0	0	0	3	0	0	3	22	6	7	56	21	0	0	0	0
1941	9	24	2	1	0	29	0	8	1.3	0	0	0	1	6	0	17	32	61	2	0	0	0
1941	10	11	4	0	6	12	0	143	5.3	2	0	1	12	10	7	1	26	1	4	0	8	0
1941	11	123	49	31	6	65	3	25	80.4	28	7	14	62	24	55	28	53	1	22	1	36	1
1941	12	62	34	53	20	37	16	126	63.2	22	60	26	33	8	39	27	10	3	54	29	72	40
1942	1	18	39	8	10	35	13	166	63.2	44	74	24	36	8	57	2	3	3	70	26	58	52
1942	2	12	36	5	6	14	1	148	36.9	28	18	21	31	18	45	2	14	0	11	11	21	26
1942	3	135	85	18	27	97	23	143	134.4	41	108	56	64	37	94	15	54	9	93	53	141	12
1942	4	169	24	30	38	91	12	133	69.8	13	51	31	24	15	47	19	51	3	35	17	62	30
1942	5	148	6	12	5	78	7	53	26.4	13	33.3	15	23	37.3	54	38	89	7	55	19	60	2
1942	6	119	19	15	0	139	0	3	11.9	5	10	32	2	46	46	43	56	7	12	0	7	6
1942	7	14	1	0	0	19	0	0	0	0	0	0	1	69	1	1	71	22	0	0	0	0
1942	8	53	0	0	0	39	0	4	0	0	0	0	0	11	0	11	31	36	0	0	0	0
1942	9	13	0	0	0	16	0	3	0	0	0	0	0	16	0	9	30	1	0	0	0	0
1942	10	35	17	14	10	38	0	4	15.8	19	11.6	11	5	10	28	22	8	0	15	11	4	5
1942	11	57	87	20	17	58	19	86	84.3	45.6	44	55	38	29	131	9	22	1	47	18	58	11
1942	12	11	5	6	8	11	6	143	34.3	2	14	1	4	1	5	1	10	0	25	3	22	3
1943	1	13	12	10	30	11	19	102	64.6	6	34	2	19	4	22	7	3	0	32	47	52	5
1943	2	51	28	24	17	36	3	48	72.5	18	70	10	16	10	58	27	5	0	55	22	65	14
1943	3	63	102.8	131	106	61	57.1	237	179.2	82	124	67	110	70	134	8	56	1	130.2	89	119	35
1943	4	70	9	20	18	66	26	115	72.5	10	75	30	14	39	17	11	27	1	55	60	48	17
1943	5	24	27	27	9	25	24	132	23.7	32	29	10	34	17	66	0	14	2	30	64	35	18
1943	6	52	6	6	0	54	0	23	1.3	0	0	0	1	31	19	18	69	16	5	0	7	0
1943	7	3	0	0	0	8	0	0	0	0	0	0	0	0	0	1	19	11	0	0	0	0
1943	8	41	0	0	0	14	0	1	0	1	1	0	0	35	4	31	75	30	0	0	4	0
1943	9	22	1	0	0	11	0	0	0	0	1	0	0	6	3	5	14	0	0	0	1	0
1943	10	31	30	33	14	25	0	35	63.2	26	37	15	16	11	54	3	25	0	29	10	53	8
1943	11	61	20	8	12	29	2	140	40.8	17	32	14	13	12	60	5	28	0	29	10	39	21
1943	12	92	27	14	3	28	2	22	83	33	47	18	17	11	66	30	13	0	53	15	65	25
1944	1	11	9	9	7	10	8	90	25	3	53	12	5	6	22	5	9	1	39	29	35	36
1944	2	19	8	20	22	15	10	131	31.6	6	59	7	7	7	15	6	3	1	67	14	39	14
1944	3	39	4	1	16	31	2	172	32.9	6	13	3	7	7	11	1	15	0	36	44	7	19
1944	4	87	15	42	22.7	116	26	92	36.9	32	48	31	17	59	73	10	56	11	54	21	76	2
1944	5	31	14	2	0	48	0	63	0	3	2	0	7	56	31	16	51	6	1	0	2	0
1944	6	11	6	1	0	75	0	9	0	0	0	0	4	117	8	6	67	60	0	0	1	0
1944	7	6	1	0	0	4	0	0	0	0	0	0	2	7	0	4	45	9	0	0	0	0
1944	8	5	0	0	0	11	0	14	0	0	0	0	0	12	0	1	23	12	0	0	1	0
1944	9	38	0	1	0	27	0	1	0	0	0	0	0	3	5	12	28	11	0	0	0	0
1944	10	51	29	5	3	53	1	108	36.9	38	18	46	24	56	91	10	32	12	24	0	28	1
1944	11	43	26	21	5	59	5	62	9.2	15	8	14	10	38	60	5	28	7	6	3	37	1
1944	12	9	28	10	24	4	1	210	21.1	19	10	1	4	7	33	3	4	0	13	4	18	9
1945	1	33	16	13	41	10	25	46	34.3	6	84	7	12	4	17	14	1	0	25	21	51	17
1945	2	33	66	12	19	21	7	42	54	54	65	28	32	19	89	16	6	0	51	25	74	41
1945	3	75	89	37	48	45	27	31	166	71	132	48	35	42	121	17	54	9	127	71	107	38
1945	4	56	16	21	25	48	10	119	22.4	5	55	14	6	13	30	5	10	4	60	43	32	29
1945	5	104	29	33	27	68	7	12	48.8	13	35	19	13	40	65	6	67	15	62	23	31	12
1945	6	79	20	11	0	111	0	3	34.3	25	8	35	15	63	37	35	101	56	11	0	22	2
1945	7	14	4	1	0	68	0	0	0	0	0	0	2	21	6	2	28	14	0	0	0	0
1945	8	2	2	0	0	28	0	2	0	2	0	8	4	27	2	19	67	53	0	0	0	0
1945	9	28	3	0	0	29	0	3	0	6	2	0	0	16	11	44	60	9	0	0	0	0
1945	10	43	10	5	0	21	1	76	7.9	2	2	18	9	1	14	19	24	30	0	0	15	0
1945	11	75	76	22	23	39	26	90	69.8	41	33	19	46	12	68	28	20	1	28	39	75	43
1945	12	33	10	21	26	21	19	28	61.9	5	68	8	9	9	15	12	19	1	24	28	64	28
1946	1	11	27	18	34	7	25	89	40.8	19	34	5	21	9	34	10	5	0	17	39	29	12
1946	2	55	26	25	25	31	37	114	68.5	12	55	18	14	14	46	6	10	4	35	26	64	32
1946	3	44	32	32	27	52	20	176	29	23	58	5	19	21	79	2	8	4	42	45	57	32
1946	4	126	14	10.3	5	90	0	94	44.8	16	7	9	10	21	54	11	59	4	36	10	47	2
1946	5	127	5	9	0	75	3	36	2.6	6	2	1	4	70	21	34	79	33	5	2	6	0
1946	6	79	12	37	0	71	0	29	4	1	0	11	1	67	41	35	46	34	2	0	2	0
1946	7	34	1	2	0	43	0	0	0	2	0	2	1	87	5	21	48	63	0	0	1	0
1946	8	63	9	0	0	54	0	3	2.6	5	0	0	2	17	38	14	56	13	0	0	1	0
1946	9	24	0	1	0	7	0	0	0	0	0	0	0	0	2	0	5	0	0	0	10	0
1946	10	64	12	28	0	54	1	34	52.7	2	14	18	2	5	2	7	26	0	15	0	28	0
1946	11	73	18	0	0	30	2	156	2.6	9	1	4	3	5	34	15	28	0	1	0	12	0
1946	12	13	53	10	26	12	17	102	97.5	28	54	21	20	10	33	9	20	0	54	18	78	9
1947	1	24	29	36	30	31	24	61	110.7	14	90	1	6	14	34	17	11	0	87	38	101	35
1947	2	12	18	30	8	10	4	71	58	15	36	8	17	3	20	6	0	1	30	25	40	43
1947	3	58	7	16	7	30	15	106	35.6	3	36	7	2	15	22	3	27	0	33	17	31	17
1947	4	92	34	12	9	93	8	100	106.7	12	69	43	10	21	47	7	43	2	60	11	53	13
1947	5	197	22	61	6	99	5	11	55.3	20	37	41	32	41	38	37	61	55	26	19	51	0
1947	6	111	24	0	0	134	0	16	11.9	16	10	11	14	44	41	18	56	35	5	0	13	0
1947	7	89	1	0	0	61	0	6	1.3	1	0	5	3	18	0	4	33	10	1	0	5	0
1947	8	11	1	0	0	9	0	2	0	1	0	0	0	5	1	22	44	18	0	0	0	0
1947	9	63	0	0	0	44	0	25	1.3	0	8	1	6	15	0	32	67	14	4	0	20	0
1947	10	44	15	1	0	40	0	49	23.7	19	8	20	17	41	42	0	72	11	23	0	22	0
1947	11	61	14	6	0	38	3	47	44.8	37	14	19	41	24	69	16	45	2	9	2	40	6
1947	12	63	7	2	0	57	1	88	25	0	20	9	5	18	14	13	21	1	17	2	35	0
1948	1	19	14	7	13	18	10	131	58	17	32	9	10	3	20	3	2	0	28	11	44	8
1948	2	34	21	3	2	25	17	35	61.9	10	38	19	6	7	22	7	5	0	37	1	63	2
1948	3	78	67	38	25	54	37	55	67.2	40	60	24	41	15	61	11	5	1	35	25	70	23.4
1948	4	139	55	37	63	95	37	73	109.4	51	78	32	32	35	79	11	17	4	74	82	98	38
1948	5	97	23	25	0	56	2	119	36.9	13	7	9	5	70	41	5	61	19	11	2	13	6.2
1948	6	44	1	13	0	62	0	41	1.3	11	1	6	4	57	2	5	6	9	0	0	5	1.7
1948	7	23	1	0	0	5	0	10	0	0	0	0	1	18	1	4	21	6	0	0	0	0
1948	8	3	0	0	0	8	0	0	0	0	0	0	0	11	0	1	23	7	0	0	0	0
1948	9	34	4	0	0	48	0	36	9.2	1	0	5	0	1	11	6	24	1	3	0	14	0
1948	10	44	19	4.3	0	41	0	81	9.2	13	0	9	13	6	30	2	10	7	7	0	10	35
1948	11	19	6	3.5	2	13	1	109	0	4	2	0	0	17	16	2	5	1	0	3	5	4
1948	12	53	44	28.5	13	45	2	85	89.6	21	38	34	29	14	59	13	16	1	42	31	67	38
1949	1	22	30	18.4	11	11	2	59	58	23	25	18	18	4	34	2	14	0	39	11	41	51
1949	2	31	38	30.7	20	27	40	62	52.7	31	39	19	26	7	33	8	7	2	37	14	53	19
1949	3	107	83	71.5	59	57	32	163	123.9	46	91	62	34	29	98	4	33	1	84	64	107	19
1949	4	152	40	77	65	110	67	201	151.5	14	138	44	34	27	51	31	19	2	108	42	138	13
1949	5	101	39	15.4	7	105	8	29	60.6	50	17	58	28	56	65	18	77	17	48	9	60	0
1949	6	91	35	3.8	0	14	0	13	55.3	28	21	25	15	92	64	38	47	47	10	0	15	1
1949	7	39	4	0.1	0	29	0	0	0	9	0	2	0	19	29	45	60	17	0	0	0	0
1949	8	21	5	1.7	0	48	0	0	5.3	2	9	3	5	70	25	8	59	26	25	0	14	0
1949	9	35	2	0.6	0	62	0	16	0	0	10	0	0	38	9	6	113	23	0	0	1	0
1949	10	29	7	3.2	2	18	0	27	27.7	4	10	7	4	2	12	7	4	0	19	0	20	0
1949	11	13	14	7	2	13	1	15	35.6	6	6	13	2	9	22	6	26	0	32	6	28	6
1949	12	2	3	22	20	7	2	213	7.9	4	16	11	1	11	14	3	6	0	12	21	38	24
1950	1	32	59	52.2	41	35	22	67	65.9	22	81	25	35	19	36	13	3	0	63	52	79	15
1950	2	17	21	42.2	51	12	7	96	11.9	2	31	1	4	13	25	11	2	0	9	47	21	2
1950	3	92	21	21.3	5	58	10	164	32.9	24	30	12	7	34	53	6	23	2	38	26	35	14
1950	4	56	26	23.2	26	93	13	175	31.6	15	31	8	13	27	47	1	7	1	55	7	15	22
1950	5	61	16	19.2	26	98	2	172	5.3	17	10	28	6	57	28	13	48	20	18	10	35	11
1950	6	52	9	0.4	0	124	0	33	1.3	11	0	0	4	38	14	9	67	57	1	0	4	0
1950	7	34	6	0.1	0	52	0	0	0	3	1	1	10	55	2	19	64	48	0	0	2	0
1950	8	41	6	0.4	0	42	0	40	0	3	1	0	0	35	21	25	65	10	0	0	0	0
1950	9	20	0	0.4	0	9	0	6	0	0	7	0	0	16	0	25	44	9	0	0	0	0
1950	10	29	48	3.1	1	52	0	27	18.4	29	7	21	11	2	31	9	41	4	7	0	22	5.9
1950	11	45	22	11.6	10	32	2	56	44.8	18	7	2	16	19	42	15	25	0	30	8	47	8.8
1950	12	14	1	6.6	0	15	8	38	31.6	1	35	3	1	4	4	0	13	0	17	1	45	8
1951	1	32	36	34	48	27	11	124	92.2	34	60	23	36	24	47	12	11	4	57	38	57	11
1951	2	25	70	45	10	10	38	22	48.8	57	52	20	31	23	65	24	14	0	52	15	29	18
1951	3	22	21	15	10	17	27	78	46.1	9	32	5	8	13	24	4	12	3	31	38	30	33
1951	4	39	3	5	2	41	0	27	46.1	2	19	23	8	25	19	2	46	19	30	18	43	20
1951	5	162	38	30	25	104	7	43	56.7	28	32	31	26	52	96	33	75	18	27	36	33	21
1951	6	32	5	0	0	75	0	19	13.2	5	10	2	2	33	11	19	47	18	10	0	8	0
1951	7	26	5	0	0	36	0	5	6.6	10	1	6	8	37	10	12	46	15	0	0	8	0
1951	8	12	0	0	0	27	0	3	0	0	0	0	0	14	0	7	81	23	0	0	0	0
1951	9	49	1	0	0	29	0	1	0	0	0	0	0	9	3	7	24	4	0	0	1	0
1951	10	138	90	54	9	98	1	36	102.8	50	44	37	63	44	144	40	61	17	53	3	66	2
1951	11	73	52	18	6	43	14	127	18.4	43	18	29	36	37	77	19	38	4	16	13	51	0
1951	12	47	26	5	17	24	7	92	21.1	11	59	7	5	13	51	8	1	0	19	17	69	13
1952	1	11	18	24	32	15	20	84	58	7	54	19	12	21	4	1	9	0	47	47	48	7
1952	2	37	42	59	43	28	49	70	75.1	15	77	28	29	21	51	1	17	5	66	92	82	34
1952	3	54	52	72	38	51	53	28	130.4	18	127	29	29	19	68	16	12	1	100	31	97	16
1952	4	143	38	37	4	115	9	33	89.6	24	78	39	34	67	98	33	31	13	81	20	63	29
1952	5	119	29	75	14	51	21	71	65.9	17	71	38	23	36	57	46	39	13	42	24	61	7
1952	6	82	23	1	0	118	0	34	4	16	0	25	5	50	39	27	67	31	0	0	8	0
1952	7	43	16	0	0	82	0	29	4	15	1	13	7	40	29	20	30	61	0	0	7	0
1952	8	25	8	0	0	11	0	0	0	0	0	2	0	31	17	11	37	46	0	0	0	0
1952	9	24	1	1	0	23	0	4	13.2	0	2	1	2	44	6	15	39	14	3	0	4	0
1952	10	51	5	0	0	19	0	155	0	3	0	0	0	5	17	3	10	0	0	0	0	0
1952	11	38	34	21	5	25	2	86	48.8	14	9	12	47	46	71	17	13	0	21	4	44	4
1952	12	35	8	18	18	12	14	114	56.7	6	26	12	20	5	9	2	2	3	34	12	29	21
1953	1	49	19	15	10	35	16	84	51.4	19	37	9	16	11	35	13	13	7	37	41	55	0
1953	2	47	56	9	16	38	6	136	77.7	37	36	9	35	10	44	10	7	0	59	70	72	21
1953	3	104	60	82	57	113	45	163	183.1	36	72	59	49	30	102	23	41	1	132	90	144	22
1953	4	50	38	60	52	72	36	169	40.8	24	39	37	25	43	59	24	68	9	49	31	64	9
1953	5	35	15	13	7	49	30	95	72.5	9	30	9	14	56	31	11	46	26	55	10	28	6
1953	6	103	23	8	0	112	1	43	18.4	14	9	7	37	106	53	38	69	29	20	0	15	10
1953	7	40	0	0	0	27	0	29	0	0	0	0	1	29	0	1	22	7	0	0	1	0
1953	8	29	2	0	0	38	0	1	0	2	0	2	1	38	14	18	47	11	0	0	0	0
1953	9	15	1	0	0	13	0	10	0	0	0	0	0	13	1	2	10	17	0	0	0	0
1953	10	105	59	29	5	108	2	10	52.7	40	30	24	26	6	80	26	58	0	38	9	83	3
1953	11	68	128	33	37	49	18	63	201.6	79	57	63	66	40	158	19	25	0	82	27	94	9
1953	12	29	58	59	83	21	65	76	58	42	86	32	51	20	62	6	18	1	54	71	87	37
1954	1	41	26	14	12	23	15	65	68.5	31	67	30	32	6	35	20	28	2	35	16	54	54
1954	2	21	45	65	72	21	25	93	87	23	81	4	41	6	42	13	16	1	47	55	53	6
1954	3	69	62	30	29	44	24	258	118.6	41	56	26	34	13	68	18	8	0	78	50	99	32
1954	4	72	19	107	29	55	37	84	102.8	14	50	45	18	31	40	27	71	6	89	37	45	7
1954	5	65	10	26	2	90	0	56	7.9	9	0	6	11	95	32	20	82	15	0	3	8	0
1954	6	137	34	5	0	102	0	35	0	26	0	20	22	81	73	36	75	42	1	0	2	0
1954	7	52	30	2	0	118	0	0	5.3	9	0	17	16	79	20	23	31	28	7	0	36	0
1954	8	58	21	0	0	49	0	3	0	2	0	2	1	93	17	17	108	36	13	0	12	0
1954	9	40	1	0	0	29	0	0	0	5	0	0	1	22	18	14	40	7	0	0	0	0
1954	10	0	0	0	0	1	0	188	0	0	1	0	0	56	0	0	18	0	0	0	0	0
1954	11	35	52	12	21	30	4	171	83	30	44	18	3	13	69	14	9	1	51	40	47	13
1954	12	42	12	9	38	18	8	98	15.8	7	13	8	5	7	18	6	18	0	19	30	23	24
1955	1	4	0	10	3	3	0	133	11.9	1	7	0	0	15	2	1	6	4	3	1	12	5
1955	2	38	14	2	8	34	1	108	34.3	7	31	17	3	15	27	30	0	0	79	1	36	16
1955	3	65	76	75	53	80	35	148	214.8	34	104	33	54	42	97	32	16	13	98	97	165	48
1955	4	80	11	29	8	52	4	107	32.9	2	30	19	6	16	54	28	31	4	34	22	53	4
1955	5	115	17	46	9	106	36	16	14.5	4	35	12	13	22	47	14	39	29	17	18	14	25
1955	6	3	10	0	0	56	0	45	30.3	11	3	1	12	38	14	26	44	9.3	19	0	18	0
1955	7	32	16	2	0	63	0	13	1.3	11	0	1	11	52	34	19	64	13.2	0	0	6	0
1955	8	10	0	0	0	27	0	39	0	0	0	0	0	18	0	12	40	5.2	0	0	0	0
1955	9	11	11	1	0	11	0	0	4	0	0	0	0	20	8	8	52	5.3	1	0	0	0
1955	10	0	1	2	0	0	1	0	4	0	4	8	0	6	0	0	1	0	2	0	11	0
1955	11	42	30.4	14	11	22	4	80	47.4	36	5	27	12	18	49	19	34	0	21	12	23	0
1955	12	75	55	40	10	53	17	40	68.5	36	27	35	8	25	68	39	15	0	30	21	53	22
1956	1	19	19	32	46	17	46	16	26.4	9	23	9	11	27	31	8	30	0	14	39	34	9
1956	2	47	65	28	35	23	30	50	117.3	35	88	46	79	26	68	13	7	0	85	36	88	42
1956	3	57	54	50	48	25	30	197	87	29	67	23	27	24	75	10	10	4.9	46	83	75	52
1956	4	123	37	32	37	68	42	73	102.8	24	106	34	37	19	40	11	42	7.8	110	90	57	17
1956	5	101	34	16	1	208	4	50	23.7	21	5	30	9	95	43	46	109	67.4	10	6	4	0
1956	6	85	4	0	0	108	0	20	1.3	2	0	3	6	67	8	17	85	41	0	0	17	0
1956	7	4	0	0	0	0	0	20	0	0	0	0	0	4	0	9	50	14.6	0	0	0	0
1956	8	15	0	0	0	2	0	0	0	1	0	0	0	37	1	16	142	62.5	0	0	0	0
1956	9	18	0	1	0	19	0	0	2.6	0	5	1	6	5	0	6	24	12.7	0	0	5	0
1956	10	35	1	4	0	18	0	17	7.9	0	1	0	0	7	0	11	9	0	13	0	7	5
1956	11	19	3	8	0	15	1	66	11.9	2	10	1	1	8	5	2	14	0	4	0	7	37
1956	12	31	36	19	20	14	15	122	87	18	56	23	35	4	26	18	28	0	52	32	60	13
1957	1	27	62	24	39	16	23	52	43.5	55	48	24	48	11	69	15	25	0	40	46	43	33
1957	2	17	39	34	19	9	15	108	32.9	24	32	23	13	11	38	9	9	2	27	32	31	13
1957	3	92	22	28	14	73	10	107	67.2	9	63	46	14	8	34	12	9	1	53	16	68	34
1957	4	72	14	25	19	49	8	88	17.1	9	28	5	9	12	36	3	34	2.9	24	20	10	28
1957	5	46	3	3	2	23	2	27	14.5	10	9	4	7	54	21	0	46	14.6	25	18	1	17
1957	6	89	18	13	0	22	0	22	22.4	13	20	18	21	84	32	14	58	9.8	27	0	49	0
1957	7	78	8	1	0	154	0	0	0	11	1	0	5	70	14	12	86	47.8	2	0	2	0
1957	8	11	1	0	0	43	0	0	2.6	3	0	0	2	19	0	10	21	4.9	3	0	2	0
1957	9	13	0	0	0	12	0	6	0	0	0	0	0	18	0	12	50	26.4	0	0	2	0
1957	10	75	26	84	15	37	1	21	98.8	17	43	23	26	13	31	7	30	1	50	27	55	9
1957	11	63	24	19	23	49	14	40	97.5	13	38	13	21	12	20	26	19	2	60	30	58	4
1957	12	38	15	19	4	25	11	84	58	10	48	17	8	12	20	6	11	0	61	12	34	22
1958	1	49	34	51	46	15	19	67	65.9	30	58	25	24	1	40	5	14	1	44	61	56	37
1958	2	40	21	2	0	27	1	43	30.3	8	25	17	12	1	18	3	14	1	25	4	24	9
1958	3	120	31	20	15	70	20	127	114.6	13	72	42	17	21	53	32	27	0	86	31	108	29
1958	4	156	81	58	35	119	32.1	25	139.7	76	92	81	69	65	119	7	82	0	102	35	154	40
1958	5	217	30	17	16	108	7	4	26.4	13	31	23	28	27	49	42	75	16.6	41	13	55	16
1958	6	118	16	12	0	104	0	84	26.4	9	0	1	9	79	44	23	49	5.9	1	0	2	0
1958	7	60	2	0	0	97	0	16	2.6	2	0	0	1	49	6	41	103	33.2	0	0	0	0
1958	8	81	7	0	0	96	0	11	11.9	14	0	7	26	32	7	56	67	30.3	4	0	22	0
1958	9	9	0	0	0	15	0	0	0	0	0	2	2	7	0	17	52	1	0	0	0	0
1958	10	24	6	27	1	12	1	85	18.4	13	11	2	3	7	23	2	63	0	11	2	15	0
1958	11	49	16	9	13	34	4	97	29	17	12	11	16	9	25	33	18	2	19	15	49	11
1958	12	57	44	32	17	30	21	81	122.5	39	71	26	42	18	48	17	30	1	67	23	87	36
1959	1	25	28	29	48	22	25	98	10.5	17	26	6	23	23	25	11	15	3.9	25	32	30	12
1959	2	49	28	49	49	28	28	69	106.7	12	79	12	34	23	39	19	23	0	100	49	82	17
1959	3	104	106	89	64.6	72	67	252	160.7	46	118	52	43	35	139	30	41	3.9	116	77	129	21
1959	4	154	31	18	8	85	16	250	55.3	19	44	40	16	12	37	37	32	0	35	8	33	3
1959	5	71	11	24	1	73	5	150	5.3	0	2	4	1	78	11	15	30	10.7	5	14	18	11
1959	6	49	3	3	0	71	0	34	1.3	2	7	4	5	69	14	38	29	18.6	3	0	37	0
1959	7	39	8	0	0	67	0	2	0	10	0	6	7	55	16	53	112	23.4	0	0	2	0
1959	8	47	0	0	0	23	0	23	0	0	0	0	0	38	2	22	112	38.1	0	0	0	0
1959	9	2	0	0	0	0	0	1	0	0	0	0	0	0	0	0	4	0	0	0	0	0
1959	10	49	10	6	0	36	0	19	13.2	12	6	2	7	30	21	28	38	5.9	4	0	16	0
1959	11	63	17	9	0	43	19	70	34.3	2	50	26	46	12	29	20	69	0	29	5	75	11
1959	12	41	31	16	37	13	12	179	84.3	24	38	21	23	17	63	19	15	0	44	19	76	26
1960	1	36	14	3	1	26	2	23	47.4	13	34	15	30	19	38	17	20	0	32	8	55	38
1960	2	22	35	6	6	36	15	103	63.2	25	37	25	29	19	40	18	21	0	67	14	51	19
1960	3	42	55	50	46	38	25	226	141	25	107	48	58	22	62	18	15	2	86	86	107	23
1960	4	98	15	27	45	45	17	159	56.7	1	53	42	11	24	19	50	19	0	63	57	58	39
1960	5	199	71	27	33	225	2	13	122.5	33	48	69	28	112	123	54	95	23.4	89	13	61	15
1960	6	38	16	0	0	78	0	40	0	2	0	0	8	47	3	44	34	32.2	0	0	4	0
1960	7	86	2	0	0	25	0	8	0	0	0	0	0	34	1	41	57	11.7	0	0	0	0
1960	8	3	0	0	0	4	0	3	0	0	0	0	0	0	0	16	2	0	0	0	0	0
1960	9	17	32	0	0	16	0	0	10.5	7	0	15	42	30	18	10	41	5.9	13	0	1	0
1960	10	50	23	0	2	25	0	47	11.9	9	3	7	5	6	16	7	31	0	13	0	9	0
1960	11	37	38	33	19	36	22	138	64.6	49	54	31	19	25	70	3	38	0	34	21	68	47
1960	12	31	5	3	3	13	2	172	5.3	4	10	20	4	7	2	10	6	0	4	0	31	1
1961	1	42	11	19	4	29	8	119	60.6	23	23	27	11	9	19	10	14	1	28	24	16	27
1961	2	37	11	5	13	26	6	129	29	0	11	12	15	3	18	4	4	0	12	14	31	4
1961	3	63	25	23	20	49	17	165	51.4	26	78	22	20	8	34	7	20	2	53	31	70	47
1961	4	109	51	44	83	58	39	126	162.1	10	68	21	13	17	34	15	40	4.9	95	82	78	30
1961	5	71	19	24	17	80	3	196	13.2	6	13	4	16	17	17	12	23	6.8	12	29	3	38
1961	6	105	29	2	0	37	1	9	11.9	3	0	0	4	11	6	37	35	25.4	12	0	8	0
1961	7	37	14	0	0	66	0	2	0	0	0	0	3	26	0	13	119	50.8	0	0	0	0
1961	8	35	8	0	0	41	0	0	0	6	0	0	6	16	11	10	83	19.5	0	0	0	0
1961	9	74	1	0	0	60	0	6	0	0	0	0	2	25	1	10	18	5.9	1	0	0	0
1961	10	61	26	1	0	41	0	67	13.2	13	5	3	0	15	32	26	27	0	7	9	16	1
1961	11	40	14	33	20	31	15	77	72.5	9	49	10	15	2	28	8	5	0	41	21	67	15
1961	12	15	12	2	2	19	16	39	55.3	1	27	6	1	5	8	0	20	0	40	1	34	26
1962	1	32	18	1	8	13	4	31	42.2	15	18	7	9	9	43	14	19	0	16	26	61	7
1962	2	8	16	27	17	16	15	66	79.1	14	17	15	6	11	40	3	0	0	24	22	27	24
1962	3	38	23	34	20	27	19	92	43.5	1	35	3	3	2	3	7	1	1	35	36	22	8
1962	4	49	83	95	35	96	18	78	64.6	18	53	17	57	24	56	3	41	6.8	39	36	49	30
1962	5	107	25.4	24	26	151	26	21	43.5	18	15	13	19	87	22	19	72	51.8	38	31	18	28
1962	6	93	30	9	1	68	0	18	25	6	5	2	5	67	10	17	74	30.3	6	1	18	0
1962	7	14	13	0	0	62	0	6	0	0	0	0	1	35	1	29	16	4.9	0	0	0	0
1962	8	6	4	0	0	23	0	12	0	0	0	0	0	16	1	1	38	11.7	0	0	0	0
1962	9	52	7	2	0	41	0	0	0	0	0	0	0	18	3	16	62	12.7	0	0	0	0
1962	10	44	34	30	23	25	2	33	64.6	6	22	9	7	20	9	2	14	1	41	12	40	1
1962	11	78	74	42	29	49	14	71	84.3	34	47	30	30	26	65	24	42	1	37	5	82	13
1962	12	27	30	12	26	14	8	60	88.3	13	42	9	17	5	44	6	2	0	46	16	79	9
1963	1	15	10	3	6	4	4	72	10.5	0	5	0	6	2	5	2	3	0	1	13	18	6
1963	2	41	30	23	17	21	17	68	55.3	19	60	25	30	23	20	5	24	1	61	9	57	36
1963	3	92	40	27	29	48	9	35	110.7	44	57	27	31	22	61	14	3	2.9	61	39	64	24
1963	4	161	72	25	25	100	2	162	30.3	25	55	41	46	39	51	23	83	2	47	71	80	53
1963	5	142	47	50	24	155	22	61	104.1	38	54.1	25	21	73	70	12	41	37.1	60	45	73	15
1963	6	79	35	7	0	125	0	27	5.3	8	3	3	7	46	28	23	54	14.6	4	0	25	0
1963	7	23	24	0	0	59	0	2	0	1	0	0	7	52	2	10	39	26.4	0	0	2	0
1963	8	40	13	0	0	30	0	0	0	1	0	0	5	21	0	8	91	45.9	0	0	6	0
1963	9	9	9	0	0	18	0	4	1.3	2	0	0	4	1	3	3	9	1	1	0	0	0
1963	10	99	23	9	3	43	0	91	19.8	17	4	14	7	25	43	10	47	12.7	6	9	20	0
1963	11	76	45	17	20	76	10	180	88.3	34	40	35	36	14	66	12	36	1	63	15	77	2
1963	12	39	41	34	56	22	26	167	69.8	19	91	5	51	11	22	12	9	0	48	22	70	15
1964	1	36	11	28	19	14	28	25	59.3	14	20	5	19	10	49	6	18	1	15	13	37	16
1964	2	42	28	29	36	32	8	83	93.5	53	46	46	55	27	65	9	21	1	68	52	48	31
1964	3	138	34	63	29	85	27	108	108	31	112	39	28	17	78	38	22	0	95	58	109	30
1964	4	146	51	106	68	92	47.8	222	234.5	24	124	39	17	62	53	47	72	5.9	129	67	96	61
1964	5	85	26	18	6	76	4	97	19.8	21	16	10	22	40	42	30	41	20.5	20	8	33	4
1964	6	54	42	2	0	64	0	39	2.6	6	2	15	9	51	17	3	66	37.1	1	0	4	0
1964	7	47	13	1	0	151	0	11	0	5	0	4	28	91	8	24	85	49.8	3	0	1	0
1964	8	35	0	0	0	14	0	21	0	1	0	0	1	22	1	10	58	14.6	0	0	0	0
1964	9	11	18	0	0	25	0	2	0	0	0	0	1	32	0	3	60	16.6	0	0	0	0
1964	10	18	0	3	0	32	0	42	0	0	0	0	0	0	3	1	10	0	0	2	0	0
1964	11	57	16	5	0	33	0	128	35.6	0	6	4	7	5	7	8	4	0	14	6	23	9
1964	12	40	22	22	9	23	10	179	42.2	2	23	1	10	3	11	11	8	1	34	11	26	18
1965	1	17	18	40	39	21	36	84	75.1	10	82	18	17	9	36	2	6	1	57	50	60	45
1965	2	42	38	13	16.6	17	9	102	63.2	22	72	21	23	5	48	5	5	0	46	17	64	32
1965	3	55	22	25	23	44	12	185	67.2	20	43	8	14	23	22	12	18	2.9	50	11	26	26
1965	4	75	4	1	1	50	6	163	64.6	5	46	16	7	49	20	20	26	4.9	67	12	26	22
1965	5	66	9	24	16.7	72	0	46	14.5	12	11	10	8	36	11	19	60	18.6	13	40	1	10
1965	6	53	8	6	0	93	0	15	0	5	0	1	1	65	16	10	39	22.5	2	0	1	0
1965	7	29	7	0	0	20	0	19	11.9	5	7	0	1	64	0	2	103	43.9	2	0	0	0
1965	8	32	6	0	0	27	0	0	2.6	4	2	4	1	19	12	13	33	3.9	0	0	4	0
1965	9	22	1	0	0	42	0	15	2.6	0	1	3	0	26	2	6	50	8.8	1	0	4	0
1965	10	72	49	39	5	84	0	4	90.9	39	25	30	27	12	47	14	17	9.8	37	9	73	0
1965	11	84	22	32	23	61	14	30	46.1	13	17	29	27	18	30	26	57	3.9	28	12	85	1
1965	12	10	4	9	41	4	14	35	10.5	2	10	2	0	0	8	0	2	0	7	16	7	8
1966	1	38	36	16	4	16	11	63	36.9	24	19	28	13	12	41	13	11	0	24	4	51	3
1966	2	50	45	54	10	46	14	81	47.4	40	29	29	16	28	64	6	13	0	33	26	31	29
1966	3	142	83	60	29	99	26	72	237.2	64	84	76	61	38	130	32	64	4.9	116	51	90	42
1966	4	50	25	65	26	108	8	60	30.3	14	17	14	12	35	45	4	32	7.8	23	46	21	4
1966	5	135	26	29	2	103	7	17	36.9	29	5	36	21	58	48	15	75	11.7	29	8	21	1
1966	6	42	1	0	0	75	0	24	0	1	1	0	2	37	4	32	43	28.3	0	0	0	0
1966	7	66	0	0	0	109	0	3	0	0	1	0	1	44	0	22	40	30.3	7	0	1	0
1966	8	13	9	0	0	60	0	8	25	1	3	8	8	67	5	4	39	40	3	0	3	0
1966	9	16	0	1	0	43	0	8	10.5	0	1	1	0	15	6	3	58	6.8	1	0	13	0
1966	10	75	22	0	0	61	1	164	29	12	25	25	26	16	44	9	25	7.8	37	0	45	2
1966	11	62	0	0	1	44	0	180	15.8	2	6	6	0	9	18	16	21	0	3	0	16	1
1966	12	82	14	6	2	54	5	11	26.4	10	15	12	16	19	21	19	48	0	8	3	39	10
1967	1	35	11	11	24	10	28	125	42.2	6	24	2	12	8	18	7	7	0	40	14	28	7
1967	2	39	28	21	31	45	16	65	90.9	11	21	16	14	13	51	8	11	0	41	41	59	50
1967	3	30	24	60	20	40	54	179	58	6	82	12	12	7	31	0	10	0	58	12	42	19
1967	4	36	33	65	48	45	52	37	60.6	26	114	29	15	9	52	10	21	5.9	69	73	94	16
1967	5	66	31	6	9	106	2	53	29	19	47	30	23	38	97	9	33	7.8	14	19	14	5
1967	6	114	21	5	1	81	1	4	10.5	6	10	9	8	75	24	12	67	8.8	12	0	9	0
1967	7	22	24	0	0	63	0	11	5.3	27	3	6	16	40	26	31	52	9.8	1	0	4	0
1967	8	66	0	0	0	47	0	5	0	0	0	0	0	27	1	15	119	21.5	0	0	0	0
1967	9	18	8	0	0	18	0	18	10.5	6	6	4	3	35	11	7	37	11.7	11	0	3	0
1967	10	45	38	35	29	54	3	101	36.9	21	30	34	17	17	53	13	48	2	31	41	64	9
1967	11	9	9	11	6	17	11	35	68.5	8	64	15	17	17	25	2	22	0	78	16	31	12
1967	12	7	21	7	3	11	6	152	15.8	13	29	15	23	2	21	1	1	1	25	9	61	11
1968	1	31	11	11	9	24	15	60	46.1	5	31	7	6	4	20	4	10	1	30	13	22	11
1968	2	5	18	17	7	7	11	97	27.7	11	21	6	11	2	15	0	6	1	47	21	14	5
1968	3	82	33	49	66	58	33	37	151.5	9	90	28	32	13	68	10	25	2	87.5	80	56.5	24
1968	4	129	28	66	11	76	19	146	76.4	22	53	29	21	41	46	11	81	14.6	58.4	17	73	45
1968	5	31	17	1	0	86	0	89	44.8	8	26	2	12	52	27	3	12	59.6	16	2	17	3
1968	6	16	14	5	0	72	0	26	25	16	2	25	18	79	21	6	51	35.2	1	0	15	0
1968	7	32	1	2	0	45	0	30	6.6	0	1	0	1	21	5	4	22	13.7	1	0	7	0
1968	8	29	14	0	0	18	0	0	0	0	2	0	0	16	0	3	58	8.8	0	0	0	0
1968	9	17	2	0	0	4	0	27	0	2	0	0	0	3	3	1	31	3.9	0	0	0	0
1968	10	30	10	3	21	14	0	137	43.5	28	5	4	1	2	21	5	7	0	14	8	28	2
1968	11	84	13	23	53	51	24	54	29	7	22	3	18	15	18	22	19	1	24	37	60	3
1968	12	23	65	46	25	16	32	156	139.7	36	58	64	38	13	82	17	8	0	59	41	99	33.3
1969	1	58	111	62	41.7	46	23	70	185.8	73	111	31	87	46	121	74	43	0	99	56	114	34
1969	2	17	31	14	21	18	11	22	77.7	40	30	10	28	20	65	15	22	0	35	27	41	13
1969	3	131	117	81	76	53	59	208	263.5	69	152	70	103	47	119	25	40	8.8	142	55	170	68
1969	4	113	22	114	34	126	35	129	143.6	18	100	33	24	74	55	12	67	19.5	96	61	100	40
1969	5	186	57	74	3	92	4	99	146.3	46	48	35	25	44	51	36	55	8.8	55	16	70	32
1969	6	47	14	1	0	50	0	34	6.6	27	3	13	20	28.8	17	5	83	11.7	3	0	21	1
1969	7	42	55	0	0	36	0	12	17.1	0	25	23	23.6	93	77	45	73	42	19	0	39	0
1969	8	55	0	0	0	13	0	6	0	0	0	0	0	21	2	5	45	15.6	0	0	1	0
1969	9	62	7	1	0	41	0	0	14.5	10	7	0	8	62	27	31	29	11.7	22	0	21	0
1969	10	151	75	24	9	86	2	58	118.6	46	25	44	33	18	106	23	24	2.9	47	3	78	6
1969	11	24	21	22	24	26	13	224	60.6	9	53	4	22	2	22	5	13	1	47	33	62	23
1969	12	13	10	14	1	22	13	215	30.3	12	42	18	1	19	13	3	8	0	39	2	45	11
1970	1	34	9	73	68	17	25.4	272	32.9	5	33	10	3	9	21	13	23	1	40	37	37	11
1970	2	31	9	1	3	44	5	65	71.2	1	18	13	6	6	30	1	14	0	24	12	79	7
1970	3	61	34	15	23	40	20	118.5	51.4	29	31	35	10	15	91	1	30	2	36	55	75	31
1970	4	106	32	8	9	143	11	153	123.9	46	79	28	24	56	117	1	86	20.5	70	5	41	26
1970	5	87	9	32	10	73	0	202	44.8	11	6	9	18	21	19	10	41	6.8	11	1	28	0
1970	6	30	1	0	0	43	0	22	0	9	0	1	3	27	17	15	14	8.8	0	0	0	0
1970	7	33	3	4	0	110	1	84	17.1	7	5	4	10	72	6	13	95	19.5	17	0	2	0
1970	8	53	5	1	0	78	0	14	0	5	0	0	1	19	10	31	67	27.3	0	0	0	0
1970	9	8	5	0	0	11	0	36	0	3	0	0	2	10	8	1	57	12.7	0	0	1	0
1970	10	36	4	7	0	19	2	256	7.9	3	10	0	12	4	11	2	26	0	9	0	5	0
1970	11	71	7	15	15	32	8	77	30.3	2	10	2	7	7	8	16	10	0	12	8	39	0
1970	12	23	64	31	37	32	11	82	134.4	34	59	17	50	25	62	19	19	1	67	25	92	5
1971	1	26	17	15	10	10	1	62	56.7	14	19	0	12	1	21	12	2	0	36	19	34	8
1971	2	56	47	15	13	26	5	87	85.6	16	37	21	10	6	51	10	13	1	45	23	64	21
1971	3	35	9	37	23	41	18	86	46.1	10	23	12	14	8	29	9	39	9.8	25	41	36	26
1971	4	155	35	60	12	104	23	101	89.6	24	45	31	13	19	60	34	53	2	24	48	75	13
1971	5	106	1	7	0	86	0	50	0	2	0	1	0	52	3	49	70	13.7	1	0	8	0
1971	6	19	0	8	0	37	0	7	0	5	0	0	1	49	0	22	64	13.7	0	0	0	0
1971	7	19	1	0	0	66	0	17	1.3	0	0	0	0	11	8	6	71	13.7	1	0	0	0
1971	8	9	3	0	0	14	0	2	0	0	0	0	0	3	4	8	30	12.7	0	0	0	0
1971	9	16	11	0	0	34	0	0	0	0	0	0	1	20	0	0	45	9.8	0	0	0	0
1971	10	29	2	1	0	31	0	29	14.5	3	3	7	1	0	0	1	19	0	2	0	14	0
1971	11	10	3	22	3	5	10	83	10.5	3	15	2	1	4	2	1	31	2	21	1	40	8
1971	12	27	32	43	64	35	14	181	44.8	23	26	28	27	7	40	22	15	0	10	58	53	8
1972	1	44	28	18	55	22	30	56	142.3	35	69	25	20	14	46	13	13	0	64	38	91	35
1972	2	11	54	62	42	9	2	97	29	28.7	21	19	30	21	85	2	8	0	15	55	35	24
1972	3	113	43	23	61	48	17	69	123.9	29	70	52	43	19	44	18	11	3.9	113	44	138	43
1972	4	199	4	29	3	81	19	146	48.8	9	20	41	24	18	6	37	44	2	39	16	45	43
1972	5	117	18	73	19	80	21	13	63.2	20	37	42	25	43	25	6	40	18.6	88	14	47	13
1972	6	57	33	5	0	196	0	2	4	7	16	13	3	101	21	59	67	25.4	13	0	2	0
1972	7	73	9	0	0	48	0	1	5.3	0	1	1	3	31	6	32	39	19.5	7	0	0	0
1972	8	41	0	0	0	36	0	0	0	0	0	0	4	38	0	14	53	14.6	0	0	0	0
1972	9	18	1	0	0	12	0	9	0	0	3	0	2	11	0	15	59	6.8	2	0	0	0
1972	10	40	7	26	1	29	0	25	42.2	19	10	3	1	13	31	5	44	1	32	0	24	0
1972	11	96	18	3	0	51	13	110	42.2	3	6	12	20	14	19	27	26	2.9	9	0	30	0
1972	12	25	18	23	35	15	22	81	101.5	9	36	27	20	6	26	18	30	1	48	40	58	32
1973	1	37	27	9	15	12	6	122	48.8	13	26	18	11	7	37	5	10	0	30	19	64	2
1973	2	61	39	32	29	49	40	51	93.5	26	68	27	28	24	50	17	43	0	48	29	42	23
1973	3	45	40	71	99	42	53	220	179.2	41	95	36	28	34	88	16	18	3.9	114	71	89	49.2
1973	4	139	33	19	29	63	18.6	115	50.1	19	43	19	21	51	24	45	25	11.7	53	33	62	27
1973	5	127	26	29	13	98	1	120	35.6	25	14	14	14	83	30	17	36	22.5	18	5	48	0
1973	6	104	4	0	0	60	0	88	1.3	1	0	0	2	46.6	0	57	57	35.2	0	0	0	0
1973	7	11	0	0	0	3	0	4	0	0	0	0	6	7	1	12	36	15.6	0	0	5	0
1973	8	29	0	0	0	24	0	1	0	0	0	0	0	0	0	16	34	3.9	0	0	0	0
1973	9	100	1	0	0	48	0	0	19.8	0	11	0	8	5	0	18	75	4.9	7	0	18	0
1973	10	29	1	0	0	8	0	70	6.6	0	0	0	0	4	0	7	14	2.9	1	0	5	0
1973	11	44	6	12	1	32	16	78	6.6	5	13	9	10	3	11	5	14	0	8	2	18	5
1973	12	11	2	17	35	7	2	113	13.2	1	2	3	3	0	3	3	3	0	12	34	18	5
1974	1	32	38	44	80	27	21	114	63.2	24	42	19	28	8	46	17	26	0	35	94	89	18
1974	2	17	40	35	40	7	16	126	32.9	35	12	12	19	5	33	7	2	0	26	33.4	30	1
1974	3	34	27	31	28	24	23	99	36.9	35	29	16	11	16	48	4	44	0	44	46	18	27
1974	4	186	21	70	68	77	63	113	123.9	17	110	42	23	14	27	29	24	6.8	124	65	94	10
1974	5	56	16	17	16	86	2	52	44.8	14	29	10	45	72	33	27	43	22.5	70	5	30	6
1974	6	28	8	10	0	49	0	0	4	2	0	1	8	52	7	3	40	56.6	5	0	3	0
1974	7	6	4	0	0	93	0	4	0	0	0	0	6	54	8	9	68	63.5	0	0	0	0
1974	8	50	8	0	0	37	0	0	0	0	0	0	11	31	8	20	94	18.6	1	0	27	0
1974	9	9	10	0	0	23	0	28	9.2	0	6	0	6	36	33	0	35	6.8	5	0	4	0
1974	10	8	2	0	0	15	0	30	0	0	0	6	7	12	9	3	57	0	1	0	0	0
1974	11	51	16	10	2	56	4	41	5.3	9	13	13	3	3	13	26	45	0	9	1	29	1
1974	12	14	5	36	21	10	28	16	23.7	3	31	5	6	7	8	5	25	1	32	25	9	16
1975	1	16	9	9	27	18	18	123	46.1	6	36	16	11	7	14	12	9	0	46	33	52	16
1975	2	60	29	27	8	33	30	48	76.4	12	35	6	26	10	41	13	6	0	44	7	100	23
1975	3	53	33	46	33	51	23	36	125.2	15	50	20	15	14	46	14	13	1	99	33	83	39
1975	4	41	26	41	3	26	0	174	1.3	10	1	1	1	3	35	0	28	0	3	2	2	24
1975	5	82	11	4	3	48	0	36	5.3	5	14	3	5	39	19	2	53	4.9	16	1	7	2
1975	6	31	2	0	0	102	0	0	1.3	1	0	0	1	57	1	17	48	34.2	2	0	0	0
1975	7	24	1	0	0	23	0	1	0	0	0	0	0	13	0	7	64	13.7	0	0	0	0
1975	8	9	0	0	0	89	0	28	0	0	0	0	0	22	1	4	76	40	0	0	0	0
1975	9	46	0	0	0	27	0	17	0	0	0	0	0	12	0	2	68	17.6	0	0	0	0
1975	10	41	4	9	0	31	0	3	9.2	4	1	11	2	2	15	9	21	0	6	0	12	0
1975	11	34	27	71	31.1	19	13	107	73.8	23	26	16	16	4	28	12	16	0	47	56	28	0
1975	12	55	14	23	52	34	18	31	65.9	7	42	5	10	4	33	12	31	0	46	34	67	11
1976	1	18	25	9	7	14	20	86	64.6	15	58	25	17	7	22	0	0	1	68	6	44	30
1976	2	40	46	31	70	31	26	157	67.2	34	29	7	28	20	53	26	9	1	43	57	45	36
1976	3	30	39	38	17	45	11	142	50.1	17	47	31	6	4	62	4	16	0	42	64	44	37
1976	4	115	38	120	70	80	32	6	104.1	23	60	47	65	27	51	37	45	5.9	96	81	97	18
1976	5	132	14	40	9.8	86	1	32	55.3	9	37	13	26	30	31	20	30	46.9	90	5	69	3
1976	6	45	9	3	0	77	0	2	1.3	0	0	3	0	30	6	61	75	15.6	0	0	0	0
1976	7	3	0	0	0	17	0	0	0	0	0	0	1	34	1	10	48	60.5	2	0	0	0
1976	8	2	0	0	0	5	0	0	0	0	0	0	0	24	0	0	31	2.9	0	0	0	0
1976	9	58	5	0	0	41	0	0	0	0	0	0	0	36	0	24	61	32.2	0	0	3	0
1976	10	99	59	30	1	80	0	35	79.1	30	50	15	32	20	58	56	34	1	66	1	110	0
1976	11	46	7	49	22	22	23	85	19.8	0	8	0	2	6	14	46	16	0	15	4	25	1
1976	12	48	12	31	31	24	10	83	7.9	3	16	3	10	15	15	21	10	2.9	13	34	21	5
1977	1	40	65	32	56	32	28	73	92.2	45	43	13	47	25	65	18	39	0	53	64	67	68
1977	2	41	9	10	7	26	13	138	22.4	1	36	42	7	7	12	5	23	0	26	23	28	2
1977	3	40	20	25	11	47	14	90	34.3	17	8	17	19	6	31	5	6	1	9	9	46	5
1977	4	51	2	10	14	91	8	209	18.4	0	6	5	0	21	19	0	39	2.9	12	17	11	0
1977	5	39	46	72	22	72	20	35	42.2	48	24	8	28	55	59	12	43	18.6	43	29	27	1
1977	6	63	7	9	0	93	0	5	1.3	7	0	0	16	26	12	22	38	7.8	8	0	0	0
1977	7	12	0	0	0	32	0	1	1.3	0	0	0	0	7	0	45	40	14.6	0	0	0	0
1977	8	45	2	0	0	20	0	0	7.9	0	1	0	0	9	5	19	49	19.5	5	0	6	0
1977	9	21	0	0	0	12	0	11	1.3	0	0	0	0	2	0	6	32	8.8	0	0	0	0
1977	10	103	99	25	3	86	0	143	168.7	103	54	91	108	52	118	38	52	26.4	111	1	98	0
1977	11	15	10	49	19	21	24	53	15.8	15	9	2	4	10	19	2	30	4.9	25	11	13	19
1977	12	75	69	23	36	43	30	39	130.4	24	74	44	53	6	51	25	28	0	75	33	67	19
1978	1	27	19	5	23	20	9	83	25	22	39	28	19	7	28	11	7	0	28	48	51	30
1978	2	29	30	82	51	14	35	79	56.7	26	26	10	16	7	48	4	17	0	38	56	33	4
1978	3	46	48	35	32	48	20	79	73.8	25	58	19	42	22	44	9	7	3.9	65	31	38	48
1978	4	89	28	48	16	59	39	35	98.8	15	43	35	23	28	38	26	30	5.9	58	15	68	8
1978	5	160	58	85	15	134	20	88	42.2	40	27	27	22	52	71	19	48	14.6	34	36	60	28
1978	6	105	3	26	0	90	0	27	1.3	1	1	11	4	31	9	4	72	26.4	9	0	14	0
1978	7	17	0	0	0	14	0	1	0	0	0	0	1	31	0	3	56	5.9	0	0	0	0
1978	8	4	0	0	0	1	0	13	0	0	0	0	0	1	0	1	35	1	0	0	0	0
1978	9	0	0	0	0	0	0	2	0	0	0	0	0	6	0	5	4	7.8	0	0	0	0
1978	10	44	1	1	0	40	0	219	0	0	0	2	3	10	3	10	14	3.9	0	0	1	0
1978	11	58	39	19	35	40	31	43	93.5	10	52	31	17	8	52	19	17	0	82	35	115	26
1978	12	54	24	12	22	37	36	209	89.6	15	50	26	11	10	35	20	31	0	31	29	85	9
1979	1	52	50	44	41	35	34	81	138.3	25	76	36	40	10	69	12	19	0	61	78	104	29
1979	2	53	18	34	30	29	15	36	85.6	5	52	10	18	10	24	13	4	0	54	51	87	15
1979	3	42	14	62	35	45	11	89	52.7	16	50	8	9	19	20	2	17	2	49	55	39	39
1979	4	176	85	22	12	136	11	163	160.7	71	48	81	56	79	129	43	101	6.8	106	37	136	16
1979	5	147	15	24	7	131	8	109	38.2	13	22	20	16	52	30	20	65	4.9	25	7	44	13
1979	6	195	4	9	0	56	0	43	0	2	1	7	12	38	16	53	76	35.2	0	0	0	2
1979	7	52	1	0	0	45	0	4	0	0	0	0	0	15	4	52	63	36.1	0	0	1	0
1979	8	5	0	0	0	21	0	0	0	0	0	1	1	25	0	5	39	11.7	0	0	36	0
1979	9	47	8	32	0	26	0	0	5.3	7	4	1	1	13	12	7	49	3.9	0	0	3	0
1979	10	46	2	0	0	18	0	14	34.3	2	2	4	1	2	2	4	4	1	9	3	18	0
1979	11	34	13	25	2	22	3	187	18.4	9	10	2	4	3	25	12	7	0	10	4	15	3
1979	12	30	6	32	36	22	15	172	54	4	24	31	4	4	13	6	10	0	48	57	68	13
1980	1	22	17	51	48	21	45	160	68.5	12	54	6	12	6	41	3	17	0	69	48	40	42
1980	2	40	58	69	44	36	41	76	100.1	46	71	16	36	17	60	18	22	2	67	42	80	25
1980	3	83	41	36	41	50	59	54	79.1	30	62	18	28	24	49	23	33	0	58	62	60	29
1980	4	162	22	36	18	114	29	231	46.1	14	39	32	22	41	32	26	51	2.9	49	10	51	29
1980	5	115	16	18	50	83	5	71	50.1	12	16	21	20	52	29	20	38	23.4	0	8	35	2
1980	6	79	13	0	0	86	0	8	6.6	14	0	18	23	69	13	52	60	26.4	3	0	9	0
1980	7	6	0	0	0	8	0	2	0	4	0	0	0	30	2	12	16	9.8	0	0	0	0
1980	8	18	0	2	0	28	0	0	1.3	0	0	3	0	25	2	9	70	18.6	0	0	8	0
1980	9	8	0	7	0	20	0	6	0	1	0	0	1	4	1	8	53	4.9	2	0	0	0
1980	10	18	0	25	7	29	4	67	22.4	0	11	7	8	19	2	5	22	6.8	11	0	35	0
1980	11	96	26	30	1	62	3	24	34.3	29	21	25	25	20	26	23	50	14.6	14	5	41	13
1980	12	36	1	14	15	8	13	124	7.9	0	48	5	0	0	0	1	16	0	18	15.9	19	6
1981	1	36	7	25	14	30	17	58	36.9	16	43	14	10	16	6	10	5	0	31	22	53	24
1981	2	50	42	40	35	37	24	133	159.4	39	47	50	32	16	73	4	12	0	115	26	40	28
1981	3	28	17	48	70	64	50	101	84.3	8	74	23	17	23	29	9	22	2.9	88	31	94	28
1981	4	153	70	77	72	98	39	184	50.1	44	44	25	32	49	96	18	27	2.9	57	38	50	26
1981	5	142	19	70	33	114	21	71	35.6	19	61	62	19	86	45	34	132	71.3	45	50	52	3
1981	6	98	15	6	0	126	0	27	13.2	7	4	7	17	55	28	53	75	43	2	0	14	0
1981	7	40	11	28	0	144	0	0	51.4	16	7	5	19	45	11	22	109	54.7	50	0	16	0
1981	8	21	10	2	0	38	0	8	0	8	0	8	12	31	29	7	44	66.4	0	5	1	0
1981	9	34	3	9	0	21	0	4	19.8	1	0	8	5	18	4	3	55	27.3	16	0	1	0
1981	10	42	21	0	4	32	2	54	4	11	3	27	20	24	24	2	63	8.8	11	3	3	3
1981	11	44	13	24	10	43	7	135	9.2	19	28	10	5	22	30	4	14	0	15	20	44	1
1981	12	30	2	13	14	16	8	30	32.9	6	44	2	0	2	1	9	4	0	35	37	26	13
1982	1	10	9	40	31.5	11	14.5	97	30.3	8	34	6	7	7	19	1	6	2	27	54	36	16
1982	2	26	17	36	27	29	30	94	22.4	6	34	11	10	7	31	5	31	0	22	44	31	11
1982	3	60	33	23	56	53	26	132	75.1	23	87	20	20	6	59	16	11	0	59	51.1	102	61
1982	4	27	5	7	3	25	0	86	55.3	1	6	1	0	4	14	0	7	0	7	1	21	3
1982	5	56	4	34	14	52	22	115	18.4	6	23	11	3	45	10	11	57	8.8	10	12	17	1
1982	6	59	1	8	0	66	6	29	14.5	3	23	2	5	27	6	12	44	6.8	21	0	17	0
1982	7	42	3	1	0	111	0	24	2.6	6	10	8	0	30	7	26	96	18.6	4	0	2	0
1982	8	32	5	1	0	46	1	36	9.2	5	0	8	8	31	12	22	77	35.2	1	0	0	0
1982	9	41	13	1	1	36	23	44	6.6	25	5	24	3	9	14	9	31	4.9	12	0	18	0
1982	10	120	34	24	10	69	19	15	80.4	32	35	41	35	17	43	33	18	1	47	0	77	9
1982	11	43	72	33	31	30	24	123	89.6	39	70	19	38	21	74	20	41	0	81	40	68	33
1982	12	9	3	6	13	7	0	25	18.4	4	8	10	5	2	4	0	13	0	22	13	44	12
1983	1	26	29	21	19	19	4	68	39.5	23	42	14	25	10	37	4	25	1	34	24	50	24
1983	2	37	3	2	5	16	5	60	29	1	14	12	2	0	6	10	4	0	20	5	43	11
1983	3	71	41	31	39	53	37	127	43.5	33	65	13	41	28	48	2	12	5.9	61	41	49	57
1983	4	30	31	56	44	70	27	26	23.7	39	35	22	28	57	68	6	65	7.8	39	48	18	23
1983	5	190	12	19	10	183	1	32	65.9	17	13	20	11	73	22	20	95	12.7	45	8	50	0
1983	6	42	9	5	0	76	0	13	4	15	0	2	9	54	21	20	47	17.6	7	0	11	0
1983	7	14	1	0	0	41	0	9	0	7	0	0	3	49	5	8	38	13.7	0	0	0	0
1983	8	22	5	2	0	41	0	2	0	7	0	2	2	0	16	10	33	21.5	0	0	0	0
1983	9	9	22	1	0	16	0	61	5.3	24	0	9	6	30	26	13	34	2	2	0	0	0
1983	10	54	0	0	0	28	0	158	0	0	0	2	4	9	1	12	28	0	0	0	0	0
1983	11	71	7	14	24	44	15	93	54	4	20	14	7	3	10	19	24	0	32	4	52	0
1983	12	11	13	28	7	12	18	47	80.4	7	21	12	14	2	14	16	19	0	36	0	43	5
1984	1	30	1	12	3	19	2	85	36.9	12	25	2	3	2	4	2	6	2.9	20	13	18	3
1984	2	17	91	9	16	17	12	37	92.2	67	48	19	68	46	112	9	22	0	46	23	44	27
1984	3	133	43	56	36	86	50	61	119.9	40	84	36	47	11	59	10	38	6.8	75	47	112	72
1984	4	10	7	49	32	92	27	52	34.3	13	27	15	14	30	21	15	51	3.9	64	11	24	19
1984	5	35	5	26	2	86	3	111	11.9	6	15	3	11	33	15	9	69	16.6	8	0	12	5
1984	6	38	7	0	0	52	0	39	1.3	3	0	0	3	39	5	34	41	29.3	0	0	10	0
1984	7	23	0	0	0	7	0	2	0	0	0	0	1	10	0	0	39	11.7	0	0	0	0
1984	8	0	0	0	0	0	0	0	0	0	0	0	0	0	0	0	9	13.7	0	0	0	0
1984	9	31	1	0	1	34	0	1	0	9	0	1	0	11	2	3	26	11.7	11	0	0	0
1984	10	100	2	30	11	48	13	18	38.2	0	29	16	6	0	14	9	41	0	31	11	37	0
1984	11	93	62	42	33	64	6	71	147.6	40	39	42	37	5	62	22	39	0	59	18	77	14
1984	12	33	66	16	10	22	10	68	97.5	0	42	0	42	18	63	12	24	0	44	19	31	18
1985	1	27	33	29	35	19	24	34	54	27	89	29	40	12	40	2	11	2.9	75	60	66	40
1985	2	65	25	36	15	44	16	77	64.6	19	22	17	13	14	45	7	33	0	25	15	64	8
1985	3	79	41	35	21	56	26	173	67.2	30	49	25	51	24	56	14	38	1	58	33	82	13
1985	4	119	30	11	28	55	14	48	85.6	17	30	17	21	11	42	12	12	1	55	48	45	38
1985	5	155	27	12	13	127	14	61	15.8	27	8	23	7	53	36	13	56	28.3	16	0	33	5
1985	6	58	2	0	0	82	0	12	4	1	0	5	7	41	8	28	41	23.4	2	0	4	0
1985	7	12	5	0	0	30	0	0	0	6	0	3	1	34	3	43	54	18.6	0	0	0	0
1985	8	54	1	3	3	31	3	0	4	0	0	0	0	31	0	20	68	49.8	0	0	0	0
1985	9	1	0	0	0	3	0	2	0	0	0	0	0	28	0	0	19	2	0	0	0	0
1985	10	103	26	14	0	65	1	71	22.4	12	11	19	12	7	25	26	31	1	24	0	26	0
1985	11	61	26	1	2	28	0	185	5.3	6	0	4	6	14	39	4	3	0	0	2	6	0
1985	12	25	24	36	38	26	20	48	55.3	21	53	15	14	4	21	18	14	0	37	63	41	27
1986	1	11	9	27	39	13	11	130	46.1	9	15	7	8	0	12	6	4	1	20	19	43	8
1986	2	14	7	48	26	13	7	96	19.8	5	21	2	6	10	13	3	3	2	21	66	22	5
1986	3	97	10	20	17	58	7	106	38.2	12	18	8	12	31	23	33	25	18.6	57	28	47	24
1986	4	94	29	45	2	74	1	75	46.1	18	23	9	40	40	50	24	10	15.6	25	10	33	37
1986	5	103	19	11	3	88	4	56	36.9	23	6	7	18	21	31	44	76	25.4	24	3	20	9
1986	6	63	4	3	0	91	0	19	56.7	4	0	3	14	79	38	17	57	39.1	6	0	6	0
1986	7	42	1	18	0	26	0	0	2.6	1	0	2	0	60	0	3	42	34.2	1	1	5	0
1986	8	24	0	0	0	13	0	2	0	0	0	0	1	24	1	8	53	14.6	0	0	0	0
1986	9	50	2	6	14	11	4	0	25	1	5	7	2	13	2	4	33	3.9	8	4	14	0
1986	10	76	25	13	6	42	2	79	19.8	20	6	7	8	19	29	16	37	5.9	10	2	40	2
1986	11	53	20	5	1	45	3	56	5.3	20	8	15	6	17	38	26	39	3.9	9	1	17	7
1986	12	62	42	48	28	36	24.3	78	58	17	82	23	51	19	43	14	26	1	68	32	99	43
1987	1	56	19	5	2	28	9	47	34.3	4	22	10	12	11	26	19	12	1	31	8	45	2
1987	2	69	45	11	2	53	3	27	23.7	23	21	13	19	8	46	5	8	10.7	10	38	25	15
1987	3	101	33	101	50	111	65	66	156.8	42	124	74	25	33	71	16	72	7.8	129	66	158	58
1987	4	161	67	14	14	126	17	74	138.3	51	77	71	51	63	85	29	93	3.9	105	31	129	46
1987	5	94	4	15	0	108	0	42	0	13	3	8	7	26	15	18	22	10.7	5	1	21	2
1987	6	94	14	0	0	131	0	8	1.3	14	1	4	3	97	19	42	90	17.6	4	0	5	10
1987	7	41	6	5	0	107	1	9	21.1	10	2	15	4	84	33	45	100	36.1	11	0	18	0
1987	8	1	0	0	0	13	0	0	0	0	0	0	2	10	4	2	28	2	0	0	0	0
1987	9	51	7	3	0	30	0	51	4	10	2	0	2	12	25	18	79	13.7	1	0	11	0
1987	10	55	71	35	8	84	19	97	152.8	50.8	60	51	75	85	95.5	43	77	1	80	30	94.1	30
1987	11	67	7	12	2	38	3	78	15.8	13	4	3	8	23	26	13	22	0	9	0	26	13
1987	12	43	43	19	22	26	8	194	56.7	22	31	20	38	16	38	15	26	4.9	27	15	47	5
1988	1	54	32	45	45	23	36	106	44.8	39	49	39	26	7	50	21	13	0	33	20	67	28
1988	2	33	14	36	18	12	17	106	13.2	14	31	9	7	15	34	39	21	1	25	28	42	34
1988	3	46	69	39	20	55	40	190	102.8	55	61	31	31	27	84	6	19	5.9	72	31	65	50
1988	4	103	9	27	25	58	18	275	81.7	6	44	16	1	3	21	2	20	2	51	54	44	21
1988	5	141	47	35	21	142	29	35	32.9	42	19	18	29	57	94	30	99	39.1	18	7	34	8
1988	6	44	14	6	0	55	0	7	0	8	0	0	4	29	8	48	32	13.7	0	0	1	0
1988	7	91	4	17	0	94	0	48	0	2	0	0	1	34	12	50	39	28.3	0	0	0	0
1988	8	40	0	4	0	19	0	1	0	0	0	0	1	32	1	6	83	9	0	0	1	0
1988	9	23	0	4	0	24	0	21	21.1	0	3	1	0	31	1	23	75	10.7	5	0	10	0
1988	10	40	26	1	1	39	1	104	17.1	18	0	7	4	20	41	24	89	6.8	3	0	15	0
1988	11	40	1	4	5	23	6	72	4	1	7	7	1	0	2	17	28	0	4	10	23	0
1988	12	60	46	6	11	31	28	86	102.8	49	65	32	18	18	59	14	3	3.9	93	22	41	51
1989	1	39	15	16	17	19	8	69	67.2	11	70	12	15	8	22	6	28	1	80	26	59	39
1989	2	46	23	27	27	30	4	70	55.3	10	28	9	25	7	33	13	14	1	34	57	33	14
1989	3	32	1	39	47	21	18	133	13.2	3	19	13	3	17	15	1	2	0	29	11	60	45
1989	4	149	7	5	12	97	10	87	32.9	11	19	9	7	20	22	23	49	4.9	42	14	48	5
1989	5	93	24	12	1	74	2	76	35.6	12	8	10	12	48	27	12	43	38.1	25	1	37	22
1989	6	17	2	0	0	47	0	3	0	3	0	0	4	79	17	28	28	24.4	0	0	1	0
1989	7	23	3	0	0	56	0	4	0	2	0	0	1	28	18	53	55	11.7	2	0	2	0
1989	8	5	0	0	0	16	0	2	0	0	0	0	0	17	1	11	33	19.5	0	0	0	0
1989	9	38	0	0	1	55	1	10	0	2	3	5	6	8	3	9	39	2	0	0	5	0
1989	10	81	7	5	0	59	2	51	1.3	4	2	2	6	3	16	7	30	2	0	0	17	1
1989	11	49	55	5	1	40	5	40	61.9	47	42	18	29	13	58	19	19	1	31	10	70	30
1989	12	42	20	55	61	31	30	100	77.7	14	87	9	34	11	22	21	18	0	55	40	86	18
1990	1	47	52	15	14	32	14	97	83	44	52	18	34	10	57	8	5	0	74	46	77	24.3
1990	2	14	30	13	38	25	17	60	43.5	16	45	23	18	9	40	1	18	1	43	27	56	36
1990	3	83	49	23	8	49	6	69	52.7	45	19	18	45	25	56	15	20	0	47	11	34	15
1990	4	108	23	60	53	98	44	107	138.3	42	82	48	23	31	28	19	17	6.8	107	53	80.5	46
1990	5	119	15	8	8	53	10	48	47.4	13	10	8	8	47	29	19	55	14.6	34	0	21	0
1990	6	38	0	0	0	18	0	5	1.3	16	0	0	4	29	10	9	23	7.8	3	0	1	0
1990	7	50	0	1	0	87	1	1	0	14	4	2	4	23	25	31	106	48.8	1	0	3	0
1990	8	22	0	0	0	46	0	0	0	0	0	0	2	33	0	22	71	43	1	0	0	0
1990	9	2	1	0	0	0	0	46	0	1	0	0	1	3	1	1	13	1	0	0	0	0
1990	10	78	28	16	7	44	6	55	59.3	9	31	18	41	20	28	26	37	1	36	3	64	0
1990	11	76	15	16	7	44	18	92	21.1	6	20	10	3	8	13	32	11	0	10	6	23	0
1990	12	20	51	25	43	19	28	259	88.3	28	55	16	34	10	44	10	14	0	54	52	51	16
1991	1	39	26	8	25	32	7	115	80.4	29	68	25	22	11	54	18	20	0	55	46	68	24
1991	2	38	31	17	18	25	8	56	23.7	21	41	11	28	12	44	10	6	5.9	27	40	30	23
1991	3	39	55	78	42	37	20	115	113.3	42	67	44	38	18	72	4	21	2	80	85	65	79
1991	4	14	15	6	22	39	13	195	54	3	49	11	30	23	26	16	19	8.8	61	33	56	45
1991	5	24	19	31	31	69	31	42	102.8	19	73	32	27	50	14	8	96	7.8	69.7	16	65	27
1991	6	43	24	43	0	79	0	15	9.2	33	1	8	10	95	40	19	44	29.3	3	0	18	0
1991	7	40	9	0	0	54	0	16	0	5	0	2	5	46	3	14	23	25.4	0	0	3	0
1991	8	26	5	0	0	13	0	1	0	2	0	0	0	41	7	23	90	31.2	0	0	0	0
1991	9	3	2	2	0	9	1	0	0	6	0	13	7	10	5	0	22	2.9	1	0	4	10
1991	10	25	3	1	0	23	0	48	2.6	0	1	0	10	7	12	1	40	3.9	15	0	4	0
1991	11	17	5	12	3	8	7	25	47.4	19	36	4	2	3	23	6	14	0	28	1	28	9
1991	12	53	67	35	21	28	20	56	164.7	48	106	35	54	11	62	3	16	0	97	22	136	51
1992	1	32	34	54	34	26	21	109	88.3	23	62	58	41	10	33	8	14	0	66	44	56	32
1992	2	47	22	22	12	25	19	41	51.4	13	44	23	17	6	35	12	11	0	44	26	71	9
1992	3	63	21	40	39	44	13	113	63.2	26	69	12	19	20	45	14	30	2	56	31	46	12
1992	4	93	13	32	31	102	32	78	93.5	22	67	28	25	38	26	17	36	2.9	77	60	70	32
1992	5	149	19	70	42	140	23	129	84.3	29	60	42	15	57	97	50	49	13.7	61	5	83	10
1992	6	73	10	19	10	93	5	31	29	32	16	6	5	45	14	11	62	53.7	12	11	29	4
1992	7	31	2	0	0	51	0	19	0	7	0	6	7	49	21	25	54	43.9	0	0	0	0
1992	8	58	14	0	0	51	0	0	0	7	0	10	8	47	27	37	61	27.3	0	0	2	0
1992	9	32	3	0	0	41	1	8	2.6	8	8	5	0	5	7	10	30	7.8	9	0	3	0
1992	10	30	0	15	0	18	2	12	54	1	12	2	11	1	2	2	18	2.9	16	0	21	0
1992	11	23	3	2	10	17	2	33	17.1	3	10	2	8	13	8	3	28	1	9	7	8	6
1992	12	83	36	55	57	75	22	258	80.4	14	84	25	16	20	65	8	36	1	86	52	79	6
1993	1	13	12	13	10	13	16	82	25	14	19	6	6	3	18.3	9	14	0	28	10	23	0
1993	2	49	66	48	46	36	49	102	164.7	32	113	34	64	17	71	26	12	2.9	96	74	89.2	23
1993	3	96	52	25	26	83	23	57	138.3	26	81.5	36	36	33	53	30	35	9.8	108	36	93	29
1993	4	105	21	43	26	55	14	119	173.9	18	56	31	18	9	27	21	27	4.9	94	40	103	29
1993	5	75	110	36	13	122	3	168	73.8	87	32	53	83	12	147	8	73	45.9	89	45	94	29
1993	6	85	12	24	3	70	0	33	15.8	14	9	26	17	69	12	74	84	24.4	15	6	21	0
1993	7	85	1	1	0	76	0	13	2.6	0	0	8	3	26	0	27.5	91	32.2	0	0	3	0
1993	8	31	3	11	0	43	0	10	0	3	2	6	1	32	7	6	54	19.5	9	0	4	0
1993	9	27	1	1	0	25	0	9	0	2	0	0	1	10	2	11	4	15.6	0	0	10	0
1993	10	27	26	1	1	33	0	30	18.4	26	7	10	24	10	31	24	45	3.9	16	0	36	2
1993	11	74	70.6	48	19	46	33	16	137	51.1	61	64	81	56	93.9	32	53	2	77	16	106	21
1993	12	38	53	16	7	25	3	89	81.7	37	25	28	51	13	45	15	20	0	43	10	72	59
1994	1	37	16	30	35	26	33	41	48.8	12	33	19	16	4	18	15	10	0	37	33	51	33
1994	2	39	43	34	13	26	19	284	109.4	24	33	15	41	14	55	11	8	0	69	13	58	10
1994	3	60	22	32	54	4	29.4	177	48.8	22	39	46	11	15	46	12	32	0	55	92	41	44
1994	4	218	15	8	7	105	6	108	113.3	6	34	11	12	37	46	60	55	3.9	65	21	78	3
1994	5	65	20	8	5	76	3	180	11.9	8	37	3	16	54	19	19	38	36.1	18	11	78	11
1994	6	17	5	2	0	43	0	33	1.3	4	0	1	2	29	34	11	58	19.5	1	0	11	0
1994	7	25	0	0	0	24	0	0	0	3	0	0	1	26	0	13	54	8.8	0	0	0	0
1994	8	27	0	0	0	9	0	0	10.5	1	0	1	0	27	0	23	42	18.6	0	0	0	0
1994	9	4	1	0	0	11	0	6	10.5	16	1	2	6	3	11.2	4	53	1	1	0	13	0
1994	10	13	3	33	4	6	0	77	1.3	5	24	48	3	7	0	2	11	1	19	4	3	10
1994	11	100	51	24	4	65	10	236	98.8	31	34	30	37	28	45	57	14	1	54	3	95	8
1994	12	67	52	8	32	36	12	137	119.9	36	79	16	40	13	36	20	9	5.9	55	15	83	22
1995	1	18	19	25	7	15	11	28	51.4	19	32	16	7	9	25	2	10	0	42	19	45	16
1995	2	27	21	20	33	26	27	129	50.1	19	43	18	20	9	37	10	13	0	31	40	38	55
1995	3	53	6	22	24	43	16	107	61.9	5	59	2	1	16	21	15	36	4.9	90	44	33	30
1995	4	1	18	0	6	10	1	150	13.2	18	77	13	31	42	93	0	2	1	45	26	14	38
1995	5	88	8	4.1	0	61	3	81	18.4	9	12	13	11	49	15	7	24	16.6	25	0	16	1
1995	6	8	0	9	3	73	0	52	42.2	2	6	0	0	75	0	4	35	16.6	8	0	11	0
1995	7	79	4	0	0	82	0	0	0	3	0	1	4	69	7	35	74	32.2	0	0	7	0
1995	8	50	0	0	0	15	0	0	0	0	0	0	0	10	1	3	57	15.6	0	0	0	0
1995	9	15	2	11	4	27	4	13	1.3	7	2	4	5	4	8	1	16	12.7	1	19	0	0
1995	10	90	29	8	2	62	0	10	36.9	11	11	9	4	2	7	22	45	12.7	22	2	28	0
1995	11	27	4	13	5	31	0	10.5	0	0	1	3	2	2	2	1	6	0	0	3	8	0
1995	12	32	37	5	7	20	3	131	43.5	10	15	21	15	0	16	9	5	0	33	3	34	9
1996	1	22	16	6	5	11	6	79	43.5	6	16	10.5	10	8	10	17	2	0	35	7	18	6
1996	2	53	48	37	7	26	15	51	76.4	32	54	29.5	44	21	41	18	15	2.9	52	10	109	25
1996	3	49	37	66	19	42	62	54	142.3	23	92	28.8	43	23	40	5	15	6.8	84	36	37	57
1996	4	164	53	26	3	105	5	14	38.2	29	19	22.2	44	17	51	22	50	12.7	38	14	66	29
1996	5	88	39	8	0	53	0	41	4	24	5	9.8	17	46	26	10	39	4.9	12	0	6	0
1996	6	40	1	1	0	49	0	24	1.3	1	1	2	5	89	1	17	61	43	8	0	2	1
1996	7	39	6	1	0	54	0	33	0	2	0	3.1	5	39	3	9	57	53.7	0	0	12	0
1996	8	21	0	0	0	14	0	5	0	0	0	0.2	0	8	0	7	66	53.7	0	0	0	0
1996	9	19.9	9	8	0	17	5	0	39.5	9	15	6.5	4	9.6	13	14	7	3.9	11	0	20	0
1996	10	65	8	8	8	37	4	73	10.5	12	2	6.8	3	14	19	9	43	2.9	3	0	9	14
1996	11	29	10	8	0	25	10	19	10.5	12	23	6.2	11	4	12	7	7	0	10	7	7	7
1996	12	32	1	3	3	6	0	54	1.3	3	7	3.2	1	2	4.4	25	3	0	4	3	6	0
1997	1	50	16.8	19	6	41	11	38	90.9	9	57	20.1	11	7	24	26	28.4	0	57	18	81	7
1997	2	30	17	10	11	22	13	155	48.8	10	22	17.5	9	5	23.8	1	15.2	2	35	5	53	7
1997	3	42	22.5	46	23	26	44	88	56.7	23	86	22	10	7	32.6	11	26.6	7.8	87	13	32	46
1997	4	47	39.1	22	10	54	16	187	89.6	34	54	29.9	27	8	54.5	1	25.8	2.9	71	8	55	35
1997	5	167	30.2	49	14	123	57	58	114.6	13	63	26.1	20	60	46.3	12	90.3	30.3	107	14	58	23
1997	6	33	28.1	2.2	0	77	0	11	32.9	20	1	10.6	26	80	41.3	11	47.2	12.7	8	0	24	0
1997	7	22	7.6	0	0	35	0	18	0	4	0	2.2	7	20	11.4	9	21.7	7.8	0	0	0	0
1997	8	42	5.6	0	0	47	0	0	0	5	0	1.1	1	13	9.5	19	32.3	12.7	0	0	0	0
1997	9	1	1	0	0	0	0	28	0	0	0	1	0	1	1.5	1	3.4	2.9	0	0	0	0
1997	10	9	1.8	19	2	8	0	34	1.3	0	10	3	0	2	2.6	3	4.6	0	3	0	12	6
1997	11	72	9.2	37	8	29	14	30	61.9	3	23	11.3	6	11	13.6	18	28.5	0	34	16	36	9
1997	12	36	18.1	18	18	21	7	21	54	10	37	13.6	22	3	24.2	11	17.1	0	36	16	27.5	21
1998	1	22	32.7	38	26	23	31	128	84.3	15	90	30.6	37	7	43.5	10	18.1	0	58	15	95	42
1998	2	47	64.1	71	45	31	54	52	172.6	44	121	45.9	74	16	86	9	34.4	4.9	119	20	118	27
1998	3	75	34.3	34	18	43	12	46	93.5	14	81	30.7	39	34	46.9	6	36.1	1	76	39	123	42
1998	4	129	45.6	53	13	102	27	89	101.5	44	53	30.3	27	60	66.4	20	64	2	72	68	68	39
1998	5	176	51.1	4	4	110	13	122	119.9	34	30	35	42	72	73.2	56	94.7	5.9	93	0	100	33
1998	6	85	46.4	0	0	153	0	61	21.1	20	35	18.9	59	68	64.7	14	70.9	20.5	20	0	42	0
1998	7	43	10.3	0	0	43	1	0	27.7	7	6	4.6	1	57	18.1	5	51.3	30.3	4	0	17	1
1998	8	25	8.2	1	24	55	3	7	18.4	1	0	2	2	22	15.1	25.2	73.4	61.5	0	0	0	0
1998	9	29	6.6	0	0	36	0	0	2.6	0	0	2.3	7	23	10.3	24	36.1	16.6	4	0	12	0
1998	10	25	7.4	7.9	6	27	2	33	21.1	1	15	7.2	7	9	10.6	7	15.6	2.9	18	6.5	31	1
1998	11	51	42.2	19.3	12	33	9.1	92	51.4	27	16	19.7	55	14	55.7	16	29	0	25	14.6	25	2
1998	12	79	30.3	1	0	30	5	107	22.4	28	27	17.6	23	17	42.2	24	36.9	0	15	0	54	5
1999	1	43	19.3	14	10	24	12	154	51.4	9	36	21	13	6	26.6	7	19.7	0	31	31	83	16
1999	2	35	21.7	3	16.2	16	16	169	101.5	11	52	27.8	12	2	30.2	5	18.2	2	76	9	91	30
1999	3	98	44.2	11	5	35	2	150	110.7	40	51	31.1	32	23	61.8	20.7	44	0	84	33	64	24.5
1999	4	95	41.7	6	22	55	38	110	69.8	38	59	26.9	31	33	59.2	4	46.7	8.8	75	7	45	27
1999	5	84	29.4	1	6	73	1	160	34.3	18	11	18.1	18	68	43.6	14	62.6	18.6	20	3	54	5
1999	6	73	23.6	1	0	129	3	67	2.6	3	1	10.5	21	95	36.7	35	88.4	35.2	0	0	52	0
1999	7	101	22.6	9	0	146	0	23	10.5	9	14	7.1	12	71	37.6	11	109.9	72.3	17	3	12	4
1999	8	18	5.9	1	0	47	1	9	0	0	0	1.2	1	29	11.2	11	50	41	0	0	5	0
1999	9	43	5.5	1	2	79	5	0	7.9	1	16	3.2	2	5	9.4	19	36.1	16.6	6	0	11	3
1999	10	18	13.7	7	1	47	3	37	26.4	18	2	7.1	3	9	20.6	0	15.8	5.9	7	0	11	2
1999	11	71	48.1	98	17	61	18	64	121.2	32	62	33.5	54	9	64.8	2	30.8	0	75	12	85	46
1999	12	39	11.3	11	3	43	0	93	11.9	8	11	7.6	5	20	16.7	3	18.8	0	8	1	14	1
2000	1	50	23.1	21	28	25	23	105	55.3	10	43.4	20.2	23	6	31.5	13.3	29.6	7.8	45.1	26	69	23
2000	2	55	22.5	14	19	37	23	132	40.8	16.4	31.6	17.3	16	4	31.5	14	31	7.8	19	14	25	54
2000	3	31	18.1	20	5	17	8	112	23.7	13.4	26.1	15.3	12	6	25.1	9.8	21.9	6.8	31	7	45	23
2000	4	36	26	9	2	31	2	125	47.4	18.1	26.7	17.6	18	79	38.2	16	39.5	2.9	35	0	40	2
2000	5	59	15.1	3	0	71	0	85	2.6	9	3.5	7	2	57	26.9	26.8	73.6	39.1	3	0	7	0
2000	6	59	10.2	18	3	28	0	46	9.2	1	5.2	5	0	65	19.1	31.6	91.3	61.5	5	0	19	0
2000	7	2	10	5	0	49	0	106	1.3	0	6.3	5.9	6	44	15.9	14.1	38.9	23.4	10	0	2	0
2000	8	34	4.5	4	0	29	0	3	1.3	2	0.6	1.4	3	17	7.2	8.3	21.8	6.8	0	0	2	0
2000	9	71	7.4	18	0	37	1	28	5.3	4.7	4	4	3	17	11.9	12.3	30.2	3.9	3	0	12	3
2000	10	145	49.6	20	3	85	4	20	63.2	33.8	33.8	22.7	55	66	68	31.1	74.4	6.8	40	5	65	9
2000	11	27	36.4	24	18	48	9	206	61.9	26.2	32.6	23.8	33	20	48.4	12.5	25.9	2.9	29	4	42	11
2000	12	33	13.7	23	21	16	26	30	79.1	5	47.9	16.1	13	5	18.9	7.7	15.4	0	62	11	56	7
